
strategic_region={
	id=1
	name="STRATEGICREGION_1"
	provinces={
		78 191 697 829 988 992 1028 1033 1057 1060 1064 1065 1068 1071 1074 1080 1086 1112 1130 1140 1143 1151 1181 1201 1206 1435 1473 1516 1544 1552 1580 1631 1661 1731 1817 1846 1874 1883 1886 1889 1891 1903 1905 1914 1920 1922 1923 1929 1932 1939 1947 1950 1951 1953 1955 1956 1960 1963 1964 1966 1968 1969 1973 1974 1975 1977 1982 1984 1986 1992 1993 1994 2001 2003 2004 2009 2016 2018 2020 2024 2025 2026 2027 2029 2033 2034 2039 2040 2044 2046 2048 2050 2056 2057 2059 2063 2064 2065 2066 2068 2070 2072 2073 2080 2081 2088 2089 2090 2095 2096 2097 2101 2103 2108 2115 2120 2123 2126 2154 2159 2176 2180 2192 2196 2202 2206 2216 2217 2220 2231 2255 2257 2281 2308 2542 2566 2642 2666 2668 2691 2693 2704 2718 2730 2741 2753 2762 2764 2776 2787 2789 2800 2811 2813 2825 2836 2848 2861 2885 2896 2908 2919 2932 2943 2956 2982 3029 3109 3123 3165 3181 3228 3433 3625 3795 3818 3854 3996 4017 4026 4033 4055 4060 4068 4073 4076 4115 4128 4136 4138 4143 4145 4171 4191 4201 4249 4440 4475 4486 4515 4562 4574 4591 4603 4694 4699 4735 4851 4879 4889 4891 4897 4902 4909 4910 4913 4918 4922 4924 4927 4928 4932 4938 4941 4951 4952 4954 4957 4959 4961 4962 4963 4966 4968 4972 4974 4976 4978 4981 4983 4985 4993 4995 4997 5004 5005 5006 5010 5013 5017 5024 5027 5028 5036 5037 5039 5041 5045 5047 5049 5050 5054 5058 5060 5067 5068 5069 5070 5074 5075 5078 5079 5081 5084 5089 5091 5093 5095 5097 5098 5099 5101 5117 5133 5136 5139 5155 5158 5160 5164 5180 5196 5199 5210 5221 5224 5248 5273 5299 5300 5326 5347 5349 5369 5371 5383 5388 5394 5396 5420 5444 5468 5494 5520 5724 5760 5775 5801 5827 5853 5865 5878 5891 5902 5914 5925 5950 5961 5974 5985 5997 6008 6020 6027 6039 6048 6255 6456 6645 6839 7001 7011 7030 7042 7073 7079 7088 7091 7107 7117 7133 7144 7148 7151 7156 7161 7164 7170 7188 7206 7216 7219 7267 7493 7548 7605 7716 7719 7770 7842 7872 7912 7919 7925 7930 7931 7934 7939 7944 7950 7953 7954 7959 7960 7963 7970 7977 7978 7980 7982 7983 7985 7987 7989 7994 7995 7996 8000 8001 8002 8004 8006 8008 8009 8016 8019 8021 8028 8030 8031 8034 8036 8039 8040 8043 8048 8051 8052 8054 8060 8062 8065 8071 8073 8074 8078 8084 8085 8092 8094 8096 8101 8103 8105 8108 8109 8116 8117 8118 8122 8123 8124 8125 8128 8133 8136 8138 8144 8164 8182 8183 8193 8201 8202 8205 8207 8219 8223 8244 8248 8257 8283 8309 8348 8362 8388 8413 8490 8613 8639 8682 8707 8733 8742 8757 8766 8788 9049 9137 9152 9957 9962 9977 9986 9989 9992 10005 10025 10028 10031 10061 10071 10073 10089 10097 10099 10104 10120 10126 10127 10538 10594 10725 10734 10739 10743 10744 10745 10748 10749 10752 10754 10758 10759 10760 10761 10762 10764 10766 10771 10774 10775 10777 10780 10782 10784 10785 10786 10788 10791 10793 10795 10797 10803 10805 10812 10815 10818 10820 10827 10828 10829 10831 10833 10835 10836 10837 10840 10844 10845 10850 10851 10857 10858 10859 10860 10862 10868 10869 10870 10873 10876 10877 10881 10883 10890 10891 10892 10893 10900 10901 10902 10904 10907 10908 10913 10915 10917 10919 10921 10922 10923 10928 10929 10930 10932 10948 10951 10957 10962 10963 10966 10968 10972 10976 10978 10988 11012 11014 11017 11108 11145 11194 11249 11910 11934 11951 11964 11967 11974 11976 11999 12002 12004 12022 12033 12044 12046 12049 12071 12073 12082 12091 12099 12101 12372 12391 12413 12455 12504 12519 12677 12702 12704 12707 12714 12719 12723 12725 12726 12727 12731 12733 12739 12740 12741 12742 12744 12748 12749 12751 12756 12757 12758 12759 12762 12764 12766 12768 12771 12773 12774 12775 12780 12783 12785 12787 12794 12795 12796 12800 12806 12808 12809 12812 12813 12814 12816 12817 12818 12821 12824 12826 12830 12832 12836 12838 12839 12840 12843 12847 12849 12851 12852 12855 12856 12862 12863 12866 12870 12874 12879 12881 12883 12887 12889 12894 12895 12896 12900 12907 12908 12911 12921 12925 12927 12929 12935 12940 12941 12944 12945 12950 12958 12963 12967 12971 12975 12981 12985 12986 12989 13015 13016 13078 13079 13082 13135 13136 13137 13138 13173 13176 13177 
	}
	weather={
		period={
			between={ 0.0 30.0 }
			temperature={ -10.0 35.0 }
			temperature_day_night={ 2.0 -2.0 }
			no_phenomenon=1.500
			rain_light=0.250
			rain_heavy=0.100
			snow=0.000
			blizzard=0.000
			mud=0.000
			sandstorm=0.000
			min_snow_level=0.000
		}
		period={
			between={ 0.1 27.1 }
			temperature={ -10.0 35.0 }
			temperature_day_night={ 2.0 -2.0 }
			no_phenomenon=1.500
			rain_light=0.250
			rain_heavy=0.100
			snow=0.000
			blizzard=0.000
			mud=0.000
			sandstorm=0.000
			min_snow_level=0.000
		}
		period={
			between={ 0.2 30.2 }
			temperature={ -10.0 35.0 }
			temperature_day_night={ 2.0 -2.0 }
			no_phenomenon=1.500
			rain_light=0.250
			rain_heavy=0.100
			snow=0.000
			blizzard=0.000
			mud=0.000
			sandstorm=0.000
			min_snow_level=0.000
		}
		period={
			between={ 0.3 29.3 }
			temperature={ -10.0 35.0 }
			temperature_day_night={ 2.0 -2.0 }
			no_phenomenon=1.500
			rain_light=0.250
			rain_heavy=0.100
			snow=0.000
			blizzard=0.000
			mud=0.000
			sandstorm=0.000
			min_snow_level=0.000
		}
		period={
			between={ 0.4 30.4 }
			temperature={ -10.0 35.0 }
			temperature_day_night={ 2.0 -2.0 }
			no_phenomenon=1.500
			rain_light=0.250
			rain_heavy=0.100
			snow=0.000
			blizzard=0.000
			mud=0.000
			sandstorm=0.000
			min_snow_level=0.000
		}
		period={
			between={ 0.5 29.5 }
			temperature={ -10.0 35.0 }
			temperature_day_night={ 2.0 -2.0 }
			no_phenomenon=1.500
			rain_light=0.250
			rain_heavy=0.100
			snow=0.000
			blizzard=0.000
			mud=0.000
			sandstorm=0.000
			min_snow_level=0.000
		}
		period={
			between={ 0.6 30.6 }
			temperature={ -10.0 35.0 }
			temperature_day_night={ 2.0 -2.0 }
			no_phenomenon=1.500
			rain_light=0.250
			rain_heavy=0.100
			snow=0.000
			blizzard=0.000
			mud=0.000
			sandstorm=0.000
			min_snow_level=0.000
		}
		period={
			between={ 0.7 30.7 }
			temperature={ -10.0 35.0 }
			temperature_day_night={ 2.0 -2.0 }
			no_phenomenon=1.500
			rain_light=0.250
			rain_heavy=0.100
			snow=0.000
			blizzard=0.000
			mud=0.000
			sandstorm=0.000
			min_snow_level=0.000
		}
		period={
			between={ 0.8 29.8 }
			temperature={ -10.0 35.0 }
			temperature_day_night={ 2.0 -2.0 }
			no_phenomenon=1.500
			rain_light=0.250
			rain_heavy=0.100
			snow=0.000
			blizzard=0.000
			mud=0.000
			sandstorm=0.000
			min_snow_level=0.000
		}
		period={
			between={ 0.9 30.9 }
			temperature={ -10.0 35.0 }
			temperature_day_night={ 2.0 -2.0 }
			no_phenomenon=1.500
			rain_light=0.250
			rain_heavy=0.100
			snow=0.000
			blizzard=0.000
			mud=0.000
			sandstorm=0.000
			min_snow_level=0.000
		}
		period={
			between={ 0.10 29.10 }
			temperature={ -10.0 35.0 }
			temperature_day_night={ 2.0 -2.0 }
			no_phenomenon=1.500
			rain_light=0.250
			rain_heavy=0.100
			snow=0.000
			blizzard=0.000
			mud=0.000
			sandstorm=0.000
			min_snow_level=0.000
		}
		period={
			between={ 0.11 30.11 }
			temperature={ -10.0 35.0 }
			temperature_day_night={ 2.0 -2.0 }
			no_phenomenon=1.500
			rain_light=0.250
			rain_heavy=0.100
			snow=0.000
			blizzard=0.000
			mud=0.000
			sandstorm=0.000
			min_snow_level=0.000
		}
	}
}
