
strategic_region={
	id=137
	name="STRATEGICREGION_137"
	provinces={
		2 3 6 18 26 31 40 45 60 62 72 75 81 84 87 88 89 92 94 96 97 98 99 105 106 108 116 123 127 129 138 140 142 143 146 154 155 157 163 164 166 170 174 178 180 183 186 189 198 208 209 227 228 237 257 260 272 278 282 286 291 292 298 305 307 312 313 339 353 355 359 361 370 372 380 381 390 392 403 404 1295 1307 1336 1365 1380 1387 1543 1659 1664 1684 1704 1729 1744 1750 1754 1757 1765 1768 1771 1784 1808 1812 1821 1835 1841 1880 2653 2679 2703 2972 2994 2996 2998 3000 3012 3027 3031 3033 3041 3056 3057 3064 3065 3071 3075 3077 3078 3079 3080 3081 3085 3086 3087 3091 3092 3099 3102 3116 3124 3127 3130 3134 3139 3144 3147 3154 3155 3157 3160 3164 3166 3168 3169 3170 3175 3177 3189 3190 3196 3214 3220 3221 3246 3251 3270 3276 3280 3294 3300 3304 3315 3328 3332 3336 3338 3343 3348 3360 3363 3365 3372 3382 3394 3415 3465 3472 3566 4209 4242 4298 4314 4326 4356 4372 4400 4659 4669 4700 4710 4715 4746 4754 4758 4761 4774 4802 4813 4817 4824 4846 4874 5687 5713 5740 5918 6016 6017 6021 6025 6029 6034 6040 6051 6056 6075 6077 6088 6090 6091 6094 6096 6097 6100 6101 6102 6105 6109 6110 6112 6117 6119 6121 6135 6140 6143 6153 6157 6159 6162 6166 6167 6177 6181 6182 6189 6190 6192 6193 6194 6199 6202 6215 6217 6224 6226 6246 6247 6274 6275 6278 6285 6288 6294 6297 6302 6307 6308 6323 6328 6337 6338 6352 6353 6357 6366 6368 6382 6388 6394 6404 6409 6492 6538 6587 6787 7228 7237 7285 7318 7320 7330 7346 7359 7375 7403 7416 7431 7444 7681 7685 7689 7712 7733 7738 7768 7774 7778 7796 7809 7824 7833 7837 7846 7867 7895 7898 8370 8379 8461 9039 9041 9043 9045 9055 9059 9099 9101 9102 9110 9113 9114 9115 9116 9118 9121 9122 9124 9125 9130 9131 9140 9142 9145 9146 9155 9159 9165 9168 9179 9187 9188 9192 9195 9199 9201 9202 9205 9207 9210 9213 9215 9217 9222 9225 9230 9231 9232 9244 9248 9257 9259 9271 9283 9293 9299 9305 9307 9326 9336 9338 9349 9352 9354 9365 9373 9380 9381 9385 9401 9409 9422 9460 9512 9514 9553 10133 10136 10142 10189 10200 10207 10216 10286 10301 10314 10329 10529 10536 10542 10551 10561 10564 10579 10592 10600 10604 10620 10626 10648 10659 10670 10677 10692 10716 10720 10723 11025 11031 11036 11038 11039 11042 11047 11061 11071 11074 11086 11087 11088 11089 11092 11094 11095 11098 11099 11103 11107 11110 11111 11117 11119 11124 11133 11137 11140 11142 11143 11146 11156 11159 11166 11168 11170 11171 11175 11177 11178 11179 11182 11183 11189 11193 11195 11196 11200 11203 11212 11213 11223 11228 11239 11240 11243 11256 11273 11281 11292 11307 11308 11319 11320 11335 11339 11352 11356 11364 11365 11387 11389 11393 11449 11496 11827 12102 12106 12117 12130 12175 12187 12203 12216 12244 12287 12390 12393 12502 12517 12527 12530 12542 12545 12558 12567 12574 12580 12584 12587 12602 12626 12630 12639 12652 12659 12672 12696 12700 13076 13128 13129 13130 13193 13194 13198 
	}
	weather={
		period={
			between={ 0.0 30.0 }
			temperature={ -10.0 35.0 }
			temperature_day_night={ 2.0 -2.0 }
			no_phenomenon=1.500
			rain_light=0.250
			rain_heavy=0.100
			snow=0.000
			blizzard=0.000
			mud=0.000
			sandstorm=0.000
			min_snow_level=0.000
		}
		period={
			between={ 0.1 27.1 }
			temperature={ -10.0 35.0 }
			temperature_day_night={ 2.0 -2.0 }
			no_phenomenon=1.500
			rain_light=0.250
			rain_heavy=0.100
			snow=0.000
			blizzard=0.000
			mud=0.000
			sandstorm=0.000
			min_snow_level=0.000
		}
		period={
			between={ 0.2 30.2 }
			temperature={ -10.0 35.0 }
			temperature_day_night={ 2.0 -2.0 }
			no_phenomenon=1.500
			rain_light=0.250
			rain_heavy=0.100
			snow=0.000
			blizzard=0.000
			mud=0.000
			sandstorm=0.000
			min_snow_level=0.000
		}
		period={
			between={ 0.3 29.3 }
			temperature={ -10.0 35.0 }
			temperature_day_night={ 2.0 -2.0 }
			no_phenomenon=1.500
			rain_light=0.250
			rain_heavy=0.100
			snow=0.000
			blizzard=0.000
			mud=0.000
			sandstorm=0.000
			min_snow_level=0.000
		}
		period={
			between={ 0.4 30.4 }
			temperature={ -10.0 35.0 }
			temperature_day_night={ 2.0 -2.0 }
			no_phenomenon=1.500
			rain_light=0.250
			rain_heavy=0.100
			snow=0.000
			blizzard=0.000
			mud=0.000
			sandstorm=0.000
			min_snow_level=0.000
		}
		period={
			between={ 0.5 29.5 }
			temperature={ -10.0 35.0 }
			temperature_day_night={ 2.0 -2.0 }
			no_phenomenon=1.500
			rain_light=0.250
			rain_heavy=0.100
			snow=0.000
			blizzard=0.000
			mud=0.000
			sandstorm=0.000
			min_snow_level=0.000
		}
		period={
			between={ 0.6 30.6 }
			temperature={ -10.0 35.0 }
			temperature_day_night={ 2.0 -2.0 }
			no_phenomenon=1.500
			rain_light=0.250
			rain_heavy=0.100
			snow=0.000
			blizzard=0.000
			mud=0.000
			sandstorm=0.000
			min_snow_level=0.000
		}
		period={
			between={ 0.7 30.7 }
			temperature={ -10.0 35.0 }
			temperature_day_night={ 2.0 -2.0 }
			no_phenomenon=1.500
			rain_light=0.250
			rain_heavy=0.100
			snow=0.000
			blizzard=0.000
			mud=0.000
			sandstorm=0.000
			min_snow_level=0.000
		}
		period={
			between={ 0.8 29.8 }
			temperature={ -10.0 35.0 }
			temperature_day_night={ 2.0 -2.0 }
			no_phenomenon=1.500
			rain_light=0.250
			rain_heavy=0.100
			snow=0.000
			blizzard=0.000
			mud=0.000
			sandstorm=0.000
			min_snow_level=0.000
		}
		period={
			between={ 0.9 30.9 }
			temperature={ -10.0 35.0 }
			temperature_day_night={ 2.0 -2.0 }
			no_phenomenon=1.500
			rain_light=0.250
			rain_heavy=0.100
			snow=0.000
			blizzard=0.000
			mud=0.000
			sandstorm=0.000
			min_snow_level=0.000
		}
		period={
			between={ 0.10 29.10 }
			temperature={ -10.0 35.0 }
			temperature_day_night={ 2.0 -2.0 }
			no_phenomenon=1.500
			rain_light=0.250
			rain_heavy=0.100
			snow=0.000
			blizzard=0.000
			mud=0.000
			sandstorm=0.000
			min_snow_level=0.000
		}
		period={
			between={ 0.11 30.11 }
			temperature={ -10.0 35.0 }
			temperature_day_night={ 2.0 -2.0 }
			no_phenomenon=1.500
			rain_light=0.250
			rain_heavy=0.100
			snow=0.000
			blizzard=0.000
			mud=0.000
			sandstorm=0.000
			min_snow_level=0.000
		}
	}
}
