
strategic_region={
	id=139
	name="STRATEGICREGION_139"
	provinces={
		273 338 365 393 410 452 464 468 470 475 477 497 499 508 545 554 566 576 615 618 642 757 1210 1229 1239 1243 1247 1254 1258 1272 1276 1278 1287 1290 1292 1294 1297 1303 1305 1309 1312 1314 1318 1327 1331 1334 1350 1360 1363 1369 1371 1375 1378 1382 1391 1402 1406 1418 1429 1459 1479 1483 1493 1517 1521 1532 1554 1576 1591 1614 1623 1649 1668 1675 1680 1685 1694 1702 1703 1708 1709 1721 1726 1733 1749 1775 1779 1783 1790 1794 1797 1800 1816 1818 1824 1825 1840 1844 1860 1864 1879 3216 3265 3289 3330 3357 3385 3404 3406 3435 3459 3461 3467 3486 3490 3502 3503 3515 3517 3538 3551 3563 3593 3618 3622 4215 4224 4227 4232 4238 4250 4254 4261 4265 4277 4281 4283 4294 4300 4303 4309 4311 4316 4322 4324 4333 4337 4340 4351 4354 4366 4369 4374 4376 4383 4389 4391 4394 4411 4488 4492 4499 4523 4563 4578 4581 4595 4599 4618 4620 4629 4636 4638 4651 4661 4665 4670 4674 4685 4686 4709 4734 4751 4764 4767 4768 4770 4771 4773 4780 4781 4789 4793 4800 4803 4806 4823 4827 4828 4840 4845 4849 4850 4866 4867 5062 6339 6379 6424 6430 6473 6479 6486 6491 6498 6514 6515 6516 6523 6525 6541 6551 6564 6574 6588 6615 6620 7233 7243 7274 7281 7298 7300 7313 7317 7322 7326 7328 7332 7335 7337 7341 7343 7350 7354 7357 7370 7373 7383 7392 7401 7405 7407 7410 7425 7429 7438 7486 7491 7501 7507 7541 7556 7563 7597 7600 7618 7635 7641 7657 7680 7682 7687 7693 7706 7708 7711 7722 7741 7757 7775 7777 7784 7793 7795 7800 7804 7819 7822 7825 7843 7850 7856 7861 7866 7874 7890 7924 8099 9243 9292 9337 9391 9420 9445 9447 9453 9455 9462 9469 9473 9487 9513 9526 9528 9530 9538 9549 9592 9753 10131 10140 10146 10148 10161 10164 10168 10170 10179 10185 10187 10196 10202 10211 10213 10218 10220 10224 10226 10235 10239 10253 10256 10262 10264 10268 10275 10277 10284 10290 10292 10295 10299 10308 10312 10348 10353 10357 10366 10395 10406 10408 10414 10420 10435 10452 10470 10485 10488 10506 10508 10530 10531 10533 10537 10539 10546 10547 10550 10555 10568 10584 10601 10603 10610 10619 10630 10633 10652 10653 10660 10674 10680 10691 10696 10713 11225 11321 11348 11377 11410 11429 11433 11442 11455 11457 11458 11469 11472 11473 11480 11482 11510 11524 11537 11538 11552 11578 11591 11687 11701 11736 12108 12111 12115 12119 12121 12128 12139 12143 12152 12157 12161 12163 12170 12172 12177 12179 12185 12194 12198 12200 12227 12229 12233 12235 12242 12254 12257 12266 12270 12285 12294 12298 12324 12329 12333 12340 12370 12383 12385 12397 12427 12430 12454 12465 12471 12474 12487 12491 12509 12510 12511 12515 12521 12526 12528 12529 12536 12546 12564 12583 12590 12594 12601 12606 12613 12616 12619 12631 12635 12640 12658 12662 12679 12737 13008 13147 13148 13149 13151 13197 
	}
	weather={
		period={
			between={ 0.0 30.0 }
			temperature={ -10.0 35.0 }
			temperature_day_night={ 2.0 -2.0 }
			no_phenomenon=1.500
			rain_light=0.250
			rain_heavy=0.100
			snow=0.000
			blizzard=0.000
			mud=0.000
			sandstorm=0.000
			min_snow_level=0.000
		}
		period={
			between={ 0.1 27.1 }
			temperature={ -10.0 35.0 }
			temperature_day_night={ 2.0 -2.0 }
			no_phenomenon=1.500
			rain_light=0.250
			rain_heavy=0.100
			snow=0.000
			blizzard=0.000
			mud=0.000
			sandstorm=0.000
			min_snow_level=0.000
		}
		period={
			between={ 0.2 30.2 }
			temperature={ -10.0 35.0 }
			temperature_day_night={ 2.0 -2.0 }
			no_phenomenon=1.500
			rain_light=0.250
			rain_heavy=0.100
			snow=0.000
			blizzard=0.000
			mud=0.000
			sandstorm=0.000
			min_snow_level=0.000
		}
		period={
			between={ 0.3 29.3 }
			temperature={ -10.0 35.0 }
			temperature_day_night={ 2.0 -2.0 }
			no_phenomenon=1.500
			rain_light=0.250
			rain_heavy=0.100
			snow=0.000
			blizzard=0.000
			mud=0.000
			sandstorm=0.000
			min_snow_level=0.000
		}
		period={
			between={ 0.4 30.4 }
			temperature={ -10.0 35.0 }
			temperature_day_night={ 2.0 -2.0 }
			no_phenomenon=1.500
			rain_light=0.250
			rain_heavy=0.100
			snow=0.000
			blizzard=0.000
			mud=0.000
			sandstorm=0.000
			min_snow_level=0.000
		}
		period={
			between={ 0.5 29.5 }
			temperature={ -10.0 35.0 }
			temperature_day_night={ 2.0 -2.0 }
			no_phenomenon=1.500
			rain_light=0.250
			rain_heavy=0.100
			snow=0.000
			blizzard=0.000
			mud=0.000
			sandstorm=0.000
			min_snow_level=0.000
		}
		period={
			between={ 0.6 30.6 }
			temperature={ -10.0 35.0 }
			temperature_day_night={ 2.0 -2.0 }
			no_phenomenon=1.500
			rain_light=0.250
			rain_heavy=0.100
			snow=0.000
			blizzard=0.000
			mud=0.000
			sandstorm=0.000
			min_snow_level=0.000
		}
		period={
			between={ 0.7 30.7 }
			temperature={ -10.0 35.0 }
			temperature_day_night={ 2.0 -2.0 }
			no_phenomenon=1.500
			rain_light=0.250
			rain_heavy=0.100
			snow=0.000
			blizzard=0.000
			mud=0.000
			sandstorm=0.000
			min_snow_level=0.000
		}
		period={
			between={ 0.8 29.8 }
			temperature={ -10.0 35.0 }
			temperature_day_night={ 2.0 -2.0 }
			no_phenomenon=1.500
			rain_light=0.250
			rain_heavy=0.100
			snow=0.000
			blizzard=0.000
			mud=0.000
			sandstorm=0.000
			min_snow_level=0.000
		}
		period={
			between={ 0.9 30.9 }
			temperature={ -10.0 35.0 }
			temperature_day_night={ 2.0 -2.0 }
			no_phenomenon=1.500
			rain_light=0.250
			rain_heavy=0.100
			snow=0.000
			blizzard=0.000
			mud=0.000
			sandstorm=0.000
			min_snow_level=0.000
		}
		period={
			between={ 0.10 29.10 }
			temperature={ -10.0 35.0 }
			temperature_day_night={ 2.0 -2.0 }
			no_phenomenon=1.500
			rain_light=0.250
			rain_heavy=0.100
			snow=0.000
			blizzard=0.000
			mud=0.000
			sandstorm=0.000
			min_snow_level=0.000
		}
		period={
			between={ 0.11 30.11 }
			temperature={ -10.0 35.0 }
			temperature_day_night={ 2.0 -2.0 }
			no_phenomenon=1.500
			rain_light=0.250
			rain_heavy=0.100
			snow=0.000
			blizzard=0.000
			mud=0.000
			sandstorm=0.000
			min_snow_level=0.000
		}
	}
}
