
strategic_region={
	id=144
	name="STRATEGICREGION_144"
	provinces={
		19 29 33 34 224 235 239 240 244 427 436 439 440 443 608 617 621 622 623 626 756 802 812 815 816 820 997 1007 1017 1021 1022 1059 1061 1075 1101 1103 1107 1116 1129 1144 1147 1159 1179 1190 1199 1209 1213 1216 1226 1228 1236 1238 1240 1241 1268 1273 1275 1317 1321 1344 1349 1359 1377 1381 1384 1386 1398 1405 1409 1412 1413 1425 1430 1442 1444 1451 1462 1465 1466 1468 1470 1481 1494 1497 1510 1525 1538 1541 1553 1569 1573 1579 1581 1609 1622 1632 1637 1656 1677 1687 1688 1691 1692 1698 1705 1766 1833 1882 1888 1898 1902 1908 1910 1912 1916 1917 1918 1919 1943 1948 1949 1957 1961 1970 1971 1978 1980 1983 1991 1995 1996 1999 2000 2002 2005 2010 2014 2015 2017 2032 2036 2041 2053 2054 2058 2062 2067 2074 2076 2078 2084 2086 2092 2093 2098 2099 2105 2118 2125 2127 2128 2151 2165 2171 2188 2193 2200 2213 2235 2241 2242 2262 2265 2267 2268 2273 2288 2293 2294 2299 2314 2319 2320 2325 2338 2343 2344 2363 2367 2369 2370 2383 2387 2391 2393 2394 2409 2413 2416 2417 2418 2419 2432 2437 2440 2441 2442 2443 2456 2461 2464 2465 2466 2467 2468 2480 2486 2490 2491 2492 2493 2494 2507 2511 2514 2515 2517 2518 2531 2537 2538 2540 2541 2555 2561 2562 2563 2564 2565 2570 2579 2584 2587 2588 2589 2590 2591 2596 2605 2610 2614 2615 2617 2618 2622 2631 2635 2638 2639 2640 2641 2645 2654 2659 2664 2665 2667 2671 2680 2685 2689 2690 2692 2696 2709 2714 2715 2716 2717 2721 2738 2739 2740 2761 2763 2786 2788 2810 2812 2834 2835 2843 2858 2859 2860 2872 2883 2884 2905 2906 2907 2929 2930 2931 2953 2954 2955 2967 2979 2980 2981 3023 3024 3028 3222 3223 3227 3428 3429 3432 3456 3619 3620 3624 3812 3813 3817 3989 4003 4020 4021 4025 4045 4062 4064 4072 4090 4104 4106 4110 4132 4149 4162 4187 4204 4219 4237 4243 4244 4245 4248 4278 4280 4291 4299 4315 4321 4327 4344 4353 4365 4382 4386 4390 4395 4406 4407 4410 4414 4416 4420 4434 4435 4459 4467 4470 4471 4472 4474 4482 4513 4516 4536 4542 4544 4549 4556 4557 4558 4571 4584 4608 4616 4621 4644 4682 4693 4698 4883 4888 4893 4900 4914 4915 4916 4917 4921 4923 4947 4949 4950 4953 4958 4964 4967 4971 4973 4979 4984 4987 4990 4994 4998 4999 5002 5003 5011 5016 5018 5019 5020 5029 5032 5033 5040 5042 5043 5055 5063 5064 5065 5073 5080 5082 5086 5087 5094 5096 5102 5104 5105 5106 5128 5129 5130 5132 5157 5177 5185 5212 5217 5222 5231 5245 5246 5247 5259 5270 5271 5272 5286 5297 5298 5310 5312 5323 5324 5325 5346 5348 5368 5370 5393 5395 5417 5418 5419 5442 5443 5464 5466 5467 5490 5492 5493 5506 5516 5518 5519 5540 5542 5543 5565 5567 5568 5584 5590 5592 5593 5610 5616 5618 5619 5642 5644 5661 5667 5669 5670 5686 5693 5695 5696 5712 5719 5721 5722 5736 5738 5739 5747 5748 5772 5773 5799 5825 5851 5874 5875 5876 5901 5924 5936 5948 5972 5995 6043 6250 6433 6447 6448 6452 6623 6636 6637 6640 6815 6829 6830 6834 7013 7017 7020 7031 7032 7036 7037 7049 7060 7064 7078 7080 7084 7090 7106 7119 7124 7150 7165 7177 7179 7205 7207 7220 7223 7224 7232 7241 7244 7250 7257 7258 7260 7261 7262 7265 7270 7273 7288 7293 7294 7297 7310 7316 7334 7340 7344 7363 7372 7374 7381 7391 7395 7402 7411 7421 7428 7430 7436 7447 7448 7455 7465 7467 7475 7479 7483 7484 7488 7489 7497 7519 7537 7560 7565 7574 7576 7584 7593 7619 7634 7639 7642 7654 7662 7694 7702 7709 7710 7714 7715 7790 7792 7847 7900 7903 7905 7916 7917 7922 7926 7937 7938 7940 7941 7942 7949 7975 7984 7988 7990 7997 7998 8005 8007 8010 8011 8013 8018 8020 8022 8027 8029 8037 8041 8042 8044 8053 8059 8066 8067 8068 8076 8082 8086 8087 8090 8098 8100 8104 8106 8112 8114 8120 8121 8141 8153 8154 8156 8178 8180 8188 8214 8245 8246 8267 8268 8269 8270 8293 8294 8295 8296 8319 8320 8321 8322 8344 8345 8346 8347 8372 8373 8374 8375 8387 8397 8398 8399 8400 8422 8423 8424 8425 8441 8446 8447 8448 8449 8468 8473 8474 8475 8476 8489 8495 8500 8501 8502 8503 8509 8516 8521 8526 8527 8528 8529 8534 8541 8549 8550 8551 8552 8564 8573 8574 8575 8587 8596 8597 8598 8599 8611 8617 8624 8625 8626 8627 8645 8650 8651 8652 8658 8665 8671 8677 8678 8679 8684 8691 8697 8702 8703 8704 8722 8728 8729 8730 8735 8748 8752 8753 8754 8771 8775 8776 8777 8792 8798 8799 8800 8818 8823 8824 8825 8831 8844 8849 8850 8851 8870 8875 8876 8877 8894 8899 8900 8901 8917 8922 8924 8925 8940 8946 8947 8948 8964 8970 8971 8972 8988 8994 8995 8996 9012 9018 9019 9020 9048 9058 9062 9063 9067 9084 9605 9935 9946 9951 9973 9975 9991 9993 10001 10019 10021 10030 10035 10060 10066 10077 10088 10090 10108 10116 10118 10130 10135 10139 10149 10152 10171 10173 10190 10191 10201 10205 10208 10210 10229 10246 10255 10259 10270 10274 10278 10279 10287 10296 10307 10311 10315 10324 10332 10349 10358 10361 10389 10400 10401 10416 10417 10428 10443 10469 10471 10476 10479 10490 10491 10511 10514 10525 10545 10566 10668 10671 10726 10729 10735 10737 10741 10742 10750 10751 10755 10756 10772 10781 10789 10794 10796 10799 10801 10802 10806 10807 10808 10810 10813 10816 10817 10821 10825 10826 10834 10841 10843 10847 10852 10856 10865 10866 10872 10878 10885 10887 10896 10897 10898 10905 10910 10911 10918 10993 11015 11448 11911 11924 11929 11950 11952 11955 11968 11978 11993 11995 12005 12010 12035 12037 12041 12050 12063 12064 12080 12092 12105 12114 12137 12142 12146 12162 12164 12180 12182 12208 12218 12226 12239 12241 12247 12248 12249 12250 12258 12269 12275 12277 12293 12295 12307 12314 12322 12338 12366 12375 12395 12420 12423 12452 12462 12472 12480 12490 12581 12648 12653 12708 12717 12718 12722 12724 12730 12732 12734 12743 12754 12761 12763 12769 12777 12779 12781 12784 12786 12788 12792 12799 12801 12805 12807 12815 12822 12829 12831 12837 12844 12846 12854 12860 12864 12868 12871 12876 12877 12884 12886 12890 12892 12899 12956 12991 13002 13005 13017 13018 13019 13072 13146 
	}
	weather={
		period={
			between={ 0.0 30.0 }
			temperature={ 4.0 6.0 }
			temperature_day_night={ 10.0 -10.0 }
			no_phenomenon=0.800
			rain_light=0.100
			rain_heavy=0.500
			snow=0.050
			blizzard=0.000
			mud=1.000
			sandstorm=0.000
			min_snow_level=0.000
		}
		period={
			between={ 0.1 27.1 }
			temperature={ 5.0 9.0 }
			temperature_day_night={ 12.0 -12.0 }
			no_phenomenon=0.800
			rain_light=0.100
			rain_heavy=0.500
			snow=0.050
			blizzard=0.000
			mud=1.000
			sandstorm=0.000
			min_snow_level=0.000
		}
		period={
			between={ 0.2 30.2 }
			temperature={ 7.0 10.0 }
			temperature_day_night={ 12.0 -12.0 }
			no_phenomenon=0.850
			rain_light=0.100
			rain_heavy=0.500
			snow=0.000
			blizzard=0.000
			mud=1.000
			sandstorm=0.000
			min_snow_level=0.000
		}
		period={
			between={ 0.3 29.3 }
			temperature={ 15.0 18.0 }
			temperature_day_night={ 12.0 -12.0 }
			no_phenomenon=0.850
			rain_light=0.100
			rain_heavy=0.500
			snow=0.000
			blizzard=0.000
			mud=1.000
			sandstorm=0.000
			min_snow_level=0.000
		}
		period={
			between={ 0.4 30.4 }
			temperature={ 21.0 24.0 }
			temperature_day_night={ 12.0 -12.0 }
			no_phenomenon=0.900
			rain_light=0.100
			rain_heavy=0.500
			snow=0.000
			blizzard=0.000
			mud=1.000
			sandstorm=0.000
			min_snow_level=0.000
		}
		period={
			between={ 0.5 29.5 }
			temperature={ 25.0 28.0 }
			temperature_day_night={ 15.0 -15.0 }
			no_phenomenon=1.000
			rain_light=0.000
			rain_heavy=0.000
			snow=0.000
			blizzard=0.000
			mud=1.000
			sandstorm=0.000
			min_snow_level=0.000
		}
		period={
			between={ 0.6 30.6 }
			temperature={ 27.0 30.0 }
			temperature_day_night={ 15.0 -15.0 }
			no_phenomenon=1.000
			rain_light=0.000
			rain_heavy=0.000
			snow=0.000
			blizzard=0.000
			mud=1.000
			sandstorm=0.000
			min_snow_level=0.000
		}
		period={
			between={ 0.7 30.7 }
			temperature={ 23.0 27.0 }
			temperature_day_night={ 15.0 -15.0 }
			no_phenomenon=0.950
			rain_light=0.000
			rain_heavy=0.050
			snow=0.000
			blizzard=0.000
			mud=1.000
			sandstorm=0.000
			min_snow_level=0.000
		}
		period={
			between={ 0.8 29.8 }
			temperature={ 20.0 23.0 }
			temperature_day_night={ 17.0 -17.0 }
			no_phenomenon=0.920
			rain_light=0.030
			rain_heavy=0.050
			snow=0.000
			blizzard=0.000
			mud=1.000
			sandstorm=0.000
			min_snow_level=0.000
		}
		period={
			between={ 0.9 30.9 }
			temperature={ 18.0 21.0 }
			temperature_day_night={ 17.0 -17.0 }
			no_phenomenon=0.920
			rain_light=0.030
			rain_heavy=0.050
			snow=0.000
			blizzard=0.000
			mud=1.000
			sandstorm=0.000
			min_snow_level=0.000
		}
		period={
			between={ 0.10 29.10 }
			temperature={ 14.0 16.0 }
			temperature_day_night={ 16.0 -16.0 }
			no_phenomenon=0.880
			rain_light=0.070
			rain_heavy=0.050
			snow=0.000
			blizzard=0.000
			mud=1.000
			sandstorm=0.000
			min_snow_level=0.000
		}
		period={
			between={ 0.11 30.11 }
			temperature={ 5.0 7.0 }
			temperature_day_night={ 16.0 -16.0 }
			no_phenomenon=0.800
			rain_light=0.050
			rain_heavy=0.100
			snow=0.050
			blizzard=0.000
			mud=1.000
			sandstorm=0.000
			min_snow_level=0.000
		}
	}
}
