
strategic_region={
	id=169
	name="STRATEGICREGION_169"
	provinces={
		3 18 72 84 208 312 313 1068 1074 1080 1294 1327 1391 1418 1544 1600 1680 1694 1733 1775 1938 2004 2097 3086 3087 3168 3304 3332 3360 3795 3996 4073 4076 4143 4145 4238 4250 4333 4366 4440 4486 4574 4780 4806 4850 4951 6034 6075 6094 6328 6353 6382 6409 7001 7011 7091 7164 7170 7188 7298 7357 7741 7800 7874 7994 8001 9130 9187 9292 9352 9380 9409 9957 10005 10031 10073 10126 10170 10211 10568 10825 10876 11071 11240 11335 11364 11393 11964 12004 12046 12185 12285 12372 12521 12619 12839 12879 13314 13315 
	}
	weather={
	}
}
