
strategic_region={
	id=237
	name="STRATEGICREGION_237"
	provinces={
		18477 18482 18483 18484 18487 18487 18488 18492 18494 18496 18496 18499 18503 18503 18504 18506 18506 18507 18507 18515 18515 18516 18516 18517 18517 18520 18520 18526 18526 18528 18528 18529 18529 18531 18531 18537 18537 18538 18538 18539 18539 18542 18542 18543 18543 18544 18546 18550 18550 18553 18554 18554 18557 18557 18558 18558 18561 18561 18566 18566 18570 18575 18575 18576 18582 18582 18583 18583 18588 18597 18597 18601 18601 18602 18602 18606 18608 18608 18610 18619 18619 18620 18629 18629 18635 18635 18648 18655 
	}
	weather={
	}
}
