
strategic_region={
	id=241
	name="STRATEGICREGION_241"
	provinces={
		18232 18253 18254 18257 18259 18262 18267 18268 18274 18275 18281 18282 18283 18284 18291 18292 18293 18294 18298 18299 18300 18301 18305 18309 18310 18311 18312 18316 18318 18320 18321 18322 18326 18327 18329 18334 18335 18338 18339 18340 18341 18344 18345 18346 18355 18356 18357 18358 18359 18362 18369 18371 18374 18375 18376 18377 18379 18380 18381 18387 18388 18392 18393 18403 18406 18407 18408 18409 18413 18416 18418 18419 18421 18426 18427 18431 18432 18433 18434 18446 18458 18460 18468 18469 
	}
	weather={
	}
}
