
strategic_region={
	id=242
	name="STRATEGICREGION_242"
	provinces={
		17980 18008 18009 18260 18261 18273 18276 18278 18279 18286 18287 18288 18289 18295 18297 18302 18304 18306 18307 18313 18314 18317 18319 18323 18332 18333 18336 18337 18342 18347 18350 18351 18360 18361 18363 18364 18365 18366 18370 18372 18382 18383 18384 18389 18390 18394 18395 18398 18399 18400 18401 18404 18410 18417 18423 18424 18429 18435 18438 18439 18441 18443 18444 18452 18453 18455 18456 18457 18461 18463 18466 18467 18470 18472 18473 18474 
	}
	weather={
	}
}
