
strategic_region={
	id=248
	name="STRATEGICREGION_248"
	provinces={
		1217 1410 1422 1498 1526 2186 2762 4286 4292 5170 5175 5181 7457 7579 7608 8000 10276 10288 10316 10473 10949 10950 10983 12246 12290 12499 12993 17944 17946 17956 17980 18161 18168 18173 18177 18179 18181 18182 18183 18186 18187 18188 18189 18190 18191 18192 18194 18197 18198 18200 18201 18202 18204 18207 18209 18210 18211 18213 18217 18218 18220 18221 18223 18224 18225 18226 18229 18230 18232 18233 18237 18243 18244 18245 18246 18247 18250 18251 18253 18254 18256 18258 18260 18263 18266 18270 18272 18276 18278 18285 18286 18287 18288 18295 18297 18304 18313 18314 18317 18319 18323 18337 18611 18617 18621 18622 18628 18630 18631 18637 18641 18643 18647 18654 19328 
	}
	weather={
	}
}
