
strategic_region={
	id=253
	name="STRATEGICREGION_253"
	provinces={
		594 991 1212 1962 2941 4894 4948 5339 5363 5508 5627 5652 5756 5783 5809 5811 5837 5958 5982 6854 7057 7283 7510 7735 7962 8006 8171 8279 8305 8359 8384 8410 8459 8487 8514 8539 8780 8803 8889 20651 20652 20653 20654 20655 20656 20657 20658 20659 20660 20661 20662 20663 20664 20665 20666 20667 20668 20669 20670 20671 20672 20673 20674 20675 20676 20677 20678 20679 20680 20681 20682 20683 20685 20687 20688 20689 20690 20691 20692 20693 20694 20695 20696 20702 20711 20713 20728 
	}
	weather={
	}
}
