
strategic_region={
	id=287
	name="STRATEGICREGION_287"
	provinces={
		13 50 51 54 55 210 218 251 258 259 262 263 267 412 419 420 455 456 459 460 465 600 601 633 639 640 643 647 796 834 835 838 839 842 850 853 855 998 999 1002 1039 1042 1044 1049 1218 1219 1245 1259 1264 1265 1270 1301 1329 1361 1443 1486 1490 1495 1669 1710 1712 1715 1716 1720 1755 1799 1895 1903 1904 1928 1935 1940 1942 1944 1946 2112 2140 2142 2143 2148 2246 2247 2249 2251 2254 2258 2260 2270 2275 2277 2280 2284 2296 2302 2303 2304 2305 2306 2307 2311 2322 2329 2330 2331 2335 2345 2346 2351 2352 2353 2354 2355 2357 2360 2377 2378 2379 2380 2384 2403 2404 2406 2410 2412 2425 2428 2429 2433 2435 2438 2445 2452 2453 2457 2459 2470 2477 2482 2484 2489 2496 2500 2501 2503 2508 2509 2520 2524 2526 2527 2528 2529 2532 2533 2543 2547 2550 2551 2552 2553 2556 2557 2567 2574 2575 2576 2577 2581 2582 2593 2600 2601 2602 2603 2607 2608 2623 2626 2627 2628 2629 2633 2646 2649 2650 2651 2652 2656 2657 2672 2673 2675 2676 2678 2683 2697 2699 2701 2702 2707 2722 2724 2726 2727 2728 2732 2733 2745 2747 2749 2750 2751 2755 2756 2772 2773 2774 2777 2779 2780 2793 2794 2796 2797 2798 2802 2803 2818 2819 2821 2822 2823 2827 2828 2841 2842 2844 2845 2846 2850 2851 2865 2866 2867 2868 2869 2870 2875 2889 2891 2892 2893 2894 2898 2911 2912 2914 2915 2916 2917 2921 2938 2939 2940 2945 2947 2959 2962 2963 2964 2965 2969 2970 2988 2989 2990 3001 3020 3042 3043 3047 3051 3200 3239 3243 3244 3249 3252 3284 3408 3425 3442 3445 3446 3451 3453 3471 3606 3633 3634 3637 3638 3643 3647 3648 3792 3793 3832 3837 3840 3841 3842 3997 3998 4016 4036 4040 4048 4049 4220 4221 4259 4264 4271 4428 4448 4485 4490 4494 4498 4567 4600 4647 4672 4708 4713 4717 4722 4895 4931 4936 4944 4945 5113 5114 5142 5145 5149 5150 5239 5252 5254 5256 5257 5261 5262 5277 5279 5281 5282 5285 5288 5289 5304 5306 5308 5309 5314 5315 5330 5332 5334 5335 5342 5353 5355 5356 5358 5359 5375 5377 5380 5381 5400 5401 5402 5403 5405 5406 5424 5426 5428 5429 5430 5434 5448 5450 5451 5452 5453 5473 5475 5476 5477 5478 5482 5499 5501 5502 5503 5504 5525 5527 5528 5529 5530 5534 5549 5551 5553 5554 5556 5573 5575 5577 5578 5582 5599 5601 5603 5604 5608 5622 5625 5626 5629 5630 5633 5634 5650 5654 5655 5658 5659 5663 5675 5677 5679 5680 5683 5689 5701 5703 5705 5706 5709 5715 5727 5729 5731 5732 5735 5742 5753 5755 5757 5758 5761 5762 5767 5776 5779 5784 5785 5788 5789 5794 5802 5805 5810 5814 5815 5820 5828 5831 5836 5840 5841 5856 5857 5862 5866 5867 5879 5882 5883 5885 5888 5891 5892 5893 5906 5911 5914 5915 5916 5926 5930 5932 5935 5940 5954 5956 5959 5963 5964 5978 5980 5983 5986 5987 6001 6003 6005 6006 6014 6018 6060 6065 6068 6223 6227 6272 6276 6422 6425 6426 6438 6472 6475 6612 6616 6628 6653 6660 6805 6809 6827 6847 6987 7009 7051 7234 7276 7286 7503 7514 7728 7739 7764 7782 7818 7966 8132 8169 8173 8259 8280 8285 8309 8311 8327 8338 8355 8362 8365 8382 8390 8407 8431 8455 8457 8483 8485 8488 8494 8510 8511 8515 8518 8531 8535 8540 8558 8581 8590 8605 8613 8633 8638 8643 8653 8659 8664 8669 8685 8710 8712 8714 8715 8720 8736 8737 8738 8740 8741 8746 8760 8761 8762 8763 8764 8765 8784 8785 8786 8787 8790 8806 8808 8809 8810 8811 8816 8832 8834 8835 8837 8842 8847 8858 8860 8861 8863 8866 8873 8883 8885 8886 8888 8906 8908 8909 8911 8915 8931 8933 8934 8936 8938 8954 8956 8957 8959 8961 8963 8979 8982 8984 8987 9002 9004 9005 9007 9015 9026 9028 9029 9037 9080 9085 9086 10322 10707 10721 12296 13190 13191 13204 13211 13244 20607 20611 20621 20630 20633 20641 20684 
	}
	naval_terrain=water_deep_ocean
	weather={
	}
}
