
strategic_region={
	id=288
	name="STRATEGICREGION_288"
	provinces={
		16 19 34 220 224 240 423 427 430 440 604 608 622 623 644 802 816 1007 1022 1098 1226 1241 1332 1345 1401 1447 1451 1466 1512 1518 1673 1677 1692 1723 1730 1735 1802 1819 1823 1839 1863 1865 1899 1902 1917 1941 2118 2128 2235 2242 2261 2262 2287 2288 2292 2294 2314 2320 2338 2344 2363 2366 2368 2370 2387 2392 2394 2419 2436 2443 2460 2467 2485 2493 2510 2517 2534 2540 2555 2560 2564 2579 2583 2590 2609 2613 2617 2640 2654 2663 2680 2688 2690 2704 2713 2716 2730 2734 2739 2757 2808 2811 2835 2859 2877 2881 2900 2903 2906 2907 2927 2930 2931 2951 2954 2955 2967 2980 2981 3019 3024 3184 3223 3424 3428 3429 3615 3619 3620 3808 3812 3813 4006 4015 4020 4021 4186 4229 4239 4243 4244 4262 4266 4364 4381 4455 4465 4470 4471 4493 4537 4688 4693 4694 4705 4728 4744 4752 4810 4911 4916 4917 5126 5129 5130 5243 5245 5246 5264 5268 5271 5295 5321 5344 5391 5415 5418 5439 5442 5461 5466 5486 5488 5492 5512 5514 5518 5542 5567 5588 5592 5612 5614 5618 5640 5644 5669 5691 5695 5717 5721 5744 5747 5769 5772 5793 5796 5799 5822 5825 5849 5851 5872 5874 5875 5900 5901 5922 5923 5924 5947 5948 5971 5972 5994 5995 6037 6043 6240 6244 6250 6439 6442 6452 6633 6640 6825 6834 7028 7029 7036 7105 7253 7261 7309 7336 7440 7479 7488 7672 7700 7714 7801 7878 7929 7933 7967 8147 8174 8265 8281 8287 8291 8307 8313 8317 8333 8339 8366 8392 8417 8422 8443 8445 8448 8475 8489 8502 8516 8528 8541 8564 8587 8611 8648 8675 8722 8726 8728 8748 8796 8818 8844 8875 8893 8894 8917 8940 8944 8968 8988 8992 8994 9011 9012 9016 9018 9044 9048 9058 10000 10153 10368 10540 10722 11122 11607 12138 12446 12518 12522 12549 12551 12592 12634 12678 12683 13060 13061 13062 13063 13150 13152 
	}
	naval_terrain=water_deep_ocean
	weather={
	}
}
