
strategic_region={
	id=292
	name="STRATEGICREGION_292"
	provinces={
		1602 4468 4748 4804 5125 7307 7385 7512 7529 7557 7585 7826 7839 7887 8218 8235 8241 10141 10143 10145 10186 10191 10199 10222 10236 10240 10265 10272 10280 10302 10328 10334 10338 10342 10396 10409 10436 10450 10609 10650 10990 12103 12116 12140 12162 12188 12190 12234 12236 12245 12273 12279 12308 12315 12330 12362 12371 12386 13350 15648 15653 15659 15675 15680 15695 15712 15713 15714 19189 19190 19193 19195 19197 19199 19201 19203 19206 19207 19208 19209 19210 19214 19215 19216 19217 19218 19219 19220 19221 19223 19224 19225 19227 19228 19229 19230 19232 19233 19234 19235 19236 19238 19239 19240 19263 19272 
	}
	weather={
	}
}
