
strategic_region={
	id=293
	name="STRATEGICREGION_293"
	provinces={
		15795 15803 15803 15804 15806 15809 15810 15813 15814 15816 15819 15820 15823 15824 15825 15829 15830 15831 15833 15835 15836 15838 15839 15840 15842 15843 15845 15846 15848 15849 15850 15851 15853 15855 15857 15858 15859 15860 15861 15862 15863 15864 15865 15866 15867 15870 15871 15872 15873 15874 15875 15877 15878 15879 15880 15881 15882 15883 15884 15885 15886 15887 15888 15889 15890 15891 15892 15893 15894 15895 15896 15897 15898 20301 
	}
	weather={
	}
}
