
strategic_region={
	id=294
	name="STRATEGICREGION_294"
	provinces={
		15674 15679 15681 15683 15684 15686 15693 15694 15698 15700 15701 15703 15704 15706 15707 15709 15710 15711 15715 15716 15717 15718 15719 15720 15721 15722 15723 15724 15726 15727 15728 15729 15730 15731 15732 15733 15734 15735 15736 15737 15738 15739 15740 15741 15742 15743 15744 15745 15746 15747 15748 15749 15750 15751 15752 15753 15754 15755 15756 15757 15758 15759 15760 15761 15762 15763 15764 15765 15766 15767 15768 15769 15771 15772 15773 15775 15776 15777 15778 15779 15780 15781 15782 15784 15785 15786 15787 15788 15790 15791 15792 15793 15796 15797 15798 15800 15801 15802 15807 15808 15811 15815 15817 15818 15821 15826 15827 15828 15832 15834 15837 15841 15844 15847 15852 15854 15856 15868 15869 
	}
	weather={
	}
}
