
strategic_region={
	id=296
	name="STRATEGICREGION_296"
	provinces={
		2308 2771 2795 2874 2991 3052 3201 4712 5376 5378 5760 5782 5909 5933 5950 6002 6059 6064 6255 6266 6839 7056 7493 7719 7961 8278 8304 8383 8413 8436 8567 8662 8681 8682 8739 8757 8779 9003 9027 13184 19825 19830 19838 19847 19850 19859 19862 19885 19892 19900 19907 19909 19919 19920 19924 19927 19932 19933 19937 19941 19949 19950 19955 19956 19957 19963 19969 19971 19973 19974 19977 19980 19982 19984 19985 19994 19995 19997 19998 20003 20004 20009 20012 20013 20018 20024 20156 20161 
	}
	weather={
	}
}
