
strategic_region={
	id=298
	name="STRATEGICREGION_298"
	provinces={
		5853 12457 12617 12664 13383 15725 19077 19078 19079 19084 19086 19087 19088 19090 19093 19094 19095 19097 19100 19101 19103 19104 19105 19106 19107 19108 19111 19112 19113 19115 19116 19117 19118 19119 19120 19121 19122 19123 19125 19126 19127 19128 19129 19130 19131 19133 19134 19135 19136 19138 19139 19141 19142 19144 19145 19146 19147 19149 19150 19152 19153 19154 19155 19158 19163 19166 19167 19170 19173 19179 19180 19182 19184 
	}
	weather={
	}
}
