
strategic_region={
	id=299
	name="STRATEGICREGION_299"
	provinces={
		12444 12604 12632 12645 12966 12974 12980 12988 13001 13017 13023 13027 13028 13029 13030 13031 13032 13033 13351 13354 13366 13378 13387 13389 15434 15435 15439 15502 15503 15504 15505 15506 15507 15508 15509 15510 15511 15512 15514 15515 15517 15518 15519 15521 15522 15525 15526 15527 15528 15529 15533 15534 15536 15538 15539 15540 15541 15543 15544 15545 15546 15547 15549 15550 15551 15552 15554 15556 15557 15559 15561 15564 15565 15567 15568 15572 15574 15575 15578 15579 15584 15585 15587 15590 15595 15597 15598 15599 15604 15606 15609 15612 15613 15614 15616 15617 15621 15627 15628 15629 15631 15634 15637 15638 15642 15643 15645 15651 15652 15655 15658 15660 15664 15666 15667 15673 19082 19124 19137 19140 19148 19151 19161 19162 19178 20300 
	}
	weather={
	}
}
