
strategic_region={
	id=301
	name="STRATEGICREGION_301"
	provinces={
		12946 14632 14634 14639 14640 14642 14646 14649 14650 14652 14655 14658 14661 14664 14667 14671 14672 14673 14676 14677 14682 14683 14684 14685 14688 14691 14694 14697 14699 14702 14703 14705 14706 14710 14713 14714 14715 14720 14721 14724 14727 14728 14730 14731 14732 14733 14735 14738 14741 14742 14747 14748 14749 14750 14752 14754 14756 14758 14759 14761 14762 14764 14765 14768 14773 14774 14775 14777 14778 14779 14780 14781 14785 14788 14789 14792 14794 14795 14797 14799 14802 14804 14805 14807 14808 14810 14811 14812 14813 14814 14817 14818 14819 14820 14821 14824 14826 14827 14829 14835 14838 14850 
	}
	weather={
	}
}
