
strategic_region={
	id=308
	name="STRATEGICREGION_308"
	provinces={
		2165 2255 4276 8639 8688 8713 13135 19538 19547 19553 19558 19565 19567 19580 19583 19585 19589 19590 19598 19612 19614 19615 19617 19623 19625 19636 19637 19641 19645 19656 19659 19663 19669 19677 19688 19689 19691 19692 19694 19701 19702 19711 19713 19714 19718 19725 19726 19728 19732 19737 19741 19745 19754 19765 19777 19799 19804 19806 19810 19812 20108 20109 20110 20111 20112 20113 20114 20115 20118 20119 20120 20121 20122 20124 20126 20127 20128 20129 20130 20131 20132 20133 20134 20138 20139 20140 20142 20143 20145 20147 20148 20149 20150 20152 20160 20163 20167 
	}
	weather={
	}
}
