
strategic_region={
	id=309
	name="STRATEGICREGION_309"
	provinces={
		1431 1454 1478 1498 2133 2177 2186 2191 2201 2762 4292 4415 4441 5170 5187 5207 7579 7669 8134 8155 8200 8209 8247 8766 10276 10473 10518 10937 10949 10950 10958 10969 11016 12104 12246 12311 12326 12339 12904 12912 12926 12948 12962 12976 12993 13133 18161 18168 18173 18179 19276 19284 19286 19288 19291 19292 19293 19294 19295 19298 19299 19300 19301 19302 19304 19305 19306 19307 19309 19310 19311 19313 19314 19315 19317 19318 19319 19320 19322 19326 19978 19983 19989 19999 20000 20001 20006 20007 20014 20016 20020 20021 20022 20023 20025 20027 20028 20029 20030 20031 20032 20033 20034 20035 20036 
	}
	weather={
	}
}
