
strategic_region={
	id=310
	name="STRATEGICREGION_310"
	provinces={
		2706 2820 2872 3046 3253 3591 3600 5144 5331 5886 5957 5979 5981 6654 6659 6853 7623 7734 8158 8170 8409 8513 8733 8980 11013 12906 13358 13409 19760 19783 19789 19798 19807 19813 19814 19817 19819 19820 19822 19824 19826 19827 19831 19832 19833 19835 19836 19837 19844 19845 19846 19848 19849 19851 19854 19855 19857 19860 19864 19865 19866 19867 19868 19870 19872 19873 19874 19876 19877 19878 19881 19882 19883 19884 19886 19887 19888 19889 19890 19891 19893 19895 19896 19897 19898 19899 19901 19904 19906 19910 19911 19912 19914 19915 19916 19917 19922 19923 19925 19928 19929 19931 19938 19939 19940 19942 19943 19944 19945 19947 19953 19958 19964 19965 19966 19968 19970 19972 19986 19991 19992 20008 20026 20154 20168 20169 
	}
	weather={
	}
}
