
strategic_region={
	id=313
	name="STRATEGICREGION_313"
	provinces={
		7729 13357 13410 17020 17022 17029 17031 17033 17037 17038 17039 17042 17044 17045 17047 17048 17049 17051 17053 17056 17058 17059 17060 17062 17063 17065 17066 17069 17070 17071 17073 17076 17077 17078 17079 17082 17083 17084 17086 17087 17088 17089 17092 17094 17095 17096 17097 17098 17099 17101 17102 17103 17105 17106 17107 17108 17109 17110 17114 17115 17116 17117 17119 17121 17122 17123 17124 17125 17126 17128 17129 17130 17132 17133 17134 17135 17137 17146 17147 17148 19902 19908 19930 19961 
	}
	weather={
	}
}
