
strategic_region={
	id=314
	name="STRATEGICREGION_314"
	provinces={
		16906 16907 16908 16909 16911 16912 16914 16915 16916 16919 16921 16922 16923 16924 16925 16929 16930 16931 16933 16934 16935 16937 16941 16942 16943 16944 16946 16948 16949 16950 16953 16959 16961 16962 16963 16964 16965 16966 16968 16973 16974 16975 16977 16978 16981 16984 16985 16987 16989 16990 16994 16995 16996 16998 17001 17003 17005 17007 17008 17009 17010 17013 17014 17016 17017 17018 17019 17025 17027 17035 
	}
	weather={
	}
}
