
strategic_region={
	id=316
	name="STRATEGICREGION_316"
	provinces={
		8794 8919 9009 10906 13035 13048 16724 16729 16732 16733 17138 17139 17140 17144 17149 17150 17151 17155 17157 17159 17160 17161 17163 17164 17165 17168 17169 17173 17174 17175 17176 17177 17178 17179 17180 17181 17183 17184 17187 17188 17191 17192 17194 17197 17200 17203 17205 17210 17214 17217 17218 17229 17232 17234 17235 17236 17240 17242 17247 17250 17252 17253 17254 17255 17262 17265 17266 17268 17273 17277 17283 17287 17290 17292 17300 17305 17317 17329 17886 20385 20387 20404 20405 20414 20435 20447 20455 20462 20470 20472 20478 20496 20498 20513 20514 20519 20520 20523 20529 20536 20538 20544 20554 20555 
	}
	weather={
	}
}
