
strategic_region={
	id=321
	name="STRATEGICREGION_321"
	provinces={
		5966 18875 18876 18878 18882 18883 18884 18888 18890 18891 18892 18896 18899 18900 18901 18902 18903 18904 18909 18912 18913 18914 18915 18916 18917 18919 18920 18925 18927 18928 18929 18931 18932 18937 18938 18939 18942 18943 18947 18949 18950 18951 18952 18961 18964 18965 18966 18970 18971 18972 18973 18978 18979 18982 18983 18988 18989 18990 18992 18995 18998 18999 19002 19004 19008 19010 19011 19012 19014 19015 19021 19022 19023 19026 19028 19030 19034 
	}
	weather={
	}
}
