
strategic_region={
	id=322
	name="STRATEGICREGION_322"
	provinces={
		1242 1283 1310 3817 4180 13405 13407 18886 18887 18893 18894 18898 18905 18906 18908 18910 18918 18921 18922 18923 18930 18933 18934 18935 18944 18953 18955 18956 18957 18958 18968 18976 18984 18996 19508 19509 19512 19519 19523 19528 19532 19537 19546 19548 19550 19563 19568 19570 19573 19588 19597 19606 19610 19619 19620 19626 19632 19640 19649 19650 19652 19661 19662 19664 19668 19670 19673 19675 19687 19699 19700 20302 20309 
	}
	weather={
	}
}
