
strategic_region={
	id=323
	name="STRATEGICREGION_323"
	provinces={
		1222 1389 2129 2232 2310 2321 2371 2519 2542 2566 2619 2642 2668 2718 2789 2813 2836 2861 2885 2908 2956 3029 4289 4329 4346 4393 5088 5135 5299 5621 5646 5671 5697 5723 5749 5800 5865 5938 7195 8283 8348 10260 13404 14511 14522 14523 14534 14675 14680 14686 14695 14696 14708 14709 14711 14712 14718 14723 14726 14729 14739 14740 14746 14755 14767 14784 14791 18879 18880 18881 18885 18889 18895 20303 20310 
	}
	weather={
	}
}
