
strategic_region={
	id=324
	name="STRATEGICREGION_324"
	provinces={
		29 1306 2115 2269 2283 2295 2395 2420 2432 2444 2456 2592 2605 2693 2753 3228 5173 14332 14514 14515 14516 14518 14520 14521 14528 14533 14536 14539 14544 14547 14548 14553 14554 14558 14563 14569 14570 14571 14574 14582 14587 14589 14599 14605 14704 14707 14716 14722 14734 14736 14737 14743 14744 14745 14751 14753 14757 14760 14763 14770 14771 14772 14776 14782 14783 14786 14787 14790 14793 14800 14801 14806 18874 18877 18897 18907 18911 18924 18926 18936 18940 18941 
	}
	weather={
	}
}
