
strategic_region={
	id=327
	name="STRATEGICREGION_327"
	provinces={
		5421 5593 5619 5801 5962 7112 7349 7362 7365 7378 7614 10048 10147 10423 11004 11018 12021 12107 12135 12193 12240 12400 12716 12772 12995 13345 13348 14434 14440 14451 14454 14663 14670 14690 14701 15266 15278 15294 15298 15299 15302 15303 15308 15309 15310 15312 15314 15316 15317 15319 15320 15322 15323 15324 15328 15329 15331 15333 15334 15337 15339 19341 19344 19345 19352 19355 19356 19363 19364 19368 19376 19383 19388 19393 19394 19397 19403 19406 19417 19430 
	}
	weather={
	}
}
