
strategic_region={
	id=329
	name="STRATEGICREGION_329"
	provinces={
		13402 13698 13701 13702 13708 13713 13715 13719 13721 13723 13724 13725 13726 13729 13730 13731 13732 13733 13734 13735 13736 13737 13779 13900 13901 13914 13921 13922 13925 13927 13928 13931 13938 13942 13948 13949 13952 13955 13956 13960 13962 13963 13968 13973 13976 13982 13985 13990 13996 14001 14002 14009 14012 14015 14029 14031 14036 14037 14039 14046 14054 14057 14060 14065 14066 14068 14079 14080 14088 14089 14098 14099 14100 14102 14108 14109 14111 14115 14116 14118 14120 14124 14125 14127 14128 14129 14130 14131 14132 14133 14134 14135 14136 14137 14138 14139 14140 14141 14142 14143 14144 14145 14146 14147 14148 
	}
	weather={
	}
}
