
strategic_region={
	id=332
	name="STRATEGICREGION_332"
	provinces={
		1516 2631 2776 2787 14386 14387 14388 14390 14393 14394 14395 14396 14397 14399 14401 14402 14403 14404 14405 14406 14407 14408 14409 14410 14411 14412 14413 14414 14415 14416 14417 14418 14419 14420 14421 14475 14477 14480 14481 14482 14483 14484 14485 14486 14487 14488 14489 14490 14491 14492 14493 14494 14495 14496 14497 14498 14499 14500 14501 14502 14503 14504 14505 14506 14507 14508 14509 14510 14512 14513 14517 14519 14524 14525 14526 14527 14529 14530 14531 14532 14535 14537 14538 14540 14541 14542 14543 14545 14546 14549 14550 14551 14552 14555 14556 14557 14559 14560 14561 14562 14564 14565 14566 14567 14568 14572 14573 14575 14576 14577 14578 14579 14580 14581 14583 14584 14585 14586 14588 14590 14591 14592 14593 14594 14595 14596 14597 14598 14600 14601 14602 14603 14604 14606 14607 14608 14609 14610 14611 14612 14613 14614 14615 14616 14617 14618 14619 14620 14621 14622 14623 14624 14625 14626 14627 14628 14766 18945 18962 18969 18974 20318 
	}
	weather={
	}
}
