
strategic_region={
	id=333
	name="STRATEGICREGION_333"
	provinces={
		5595 8924 14323 14324 14325 14326 14327 14328 14329 14330 14331 14333 14334 14335 14336 14337 14338 14339 14340 14341 14342 14343 14344 14345 14346 14347 14348 14349 14350 14351 14352 14353 14354 14355 14356 14357 14358 14359 14360 14361 14362 14363 14364 14365 14366 14367 14368 14369 14370 14371 14372 14373 14374 14375 14376 14377 14378 14379 14380 14381 14382 14383 14384 14385 14389 14391 14392 14398 14400 14450 14455 14456 14457 14458 14459 14460 14461 14462 14463 14464 14465 14466 14467 14468 14469 14470 14471 14472 14473 14474 14476 14478 14479 14635 14641 14651 14659 20311 
	}
	weather={
	}
}
