
strategic_region={
	id=337
	name="STRATEGICREGION_337"
	provinces={
		5209 11009 13578 13579 13580 13583 13587 13588 13589 13592 13593 13594 13595 13596 13599 13601 13602 13604 13605 13607 13608 13609 13611 13613 13614 13615 13616 13617 13620 13623 13624 13626 13627 13631 13632 13633 13636 13639 13640 13643 13647 13648 13649 13650 13651 13654 13656 13658 13659 13660 13662 13663 13668 13669 13670 13671 13674 13676 13678 13680 13682 13683 13684 13687 13689 13693 13695 13699 13710 13720 13738 13739 13740 13741 13742 13743 13744 13745 13746 13747 13748 13749 13750 13751 13752 13753 13754 13755 13756 13757 13758 13759 13760 13761 13762 13763 13764 13765 13766 13767 13768 13769 13770 13771 13772 13773 13774 13775 13776 13777 13778 13780 13781 13782 13783 13784 13785 13786 13787 13788 13789 13790 13791 13792 13793 13794 13795 13796 13797 13798 13799 13800 13801 13802 13803 13804 13805 13806 13807 13808 13809 13810 13811 13812 13813 13814 13815 13817 13818 13819 13820 13822 13823 13824 13825 13827 13828 13829 13830 13831 13832 13834 13836 13837 13838 13841 13842 13845 13846 13847 13848 13850 13851 13853 13854 13857 13858 13860 13861 13864 13867 13870 13873 13875 13876 13880 13883 13892 14149 14150 14155 14158 14166 20312 20313 
	}
	weather={
	}
}
