
strategic_region={
	id=338
	name="STRATEGICREGION_338"
	provinces={
		7252 7478 13403 13677 13679 13688 13690 13694 13696 13697 13700 13703 13704 13705 13707 13709 13711 13712 13714 13716 13717 13718 13722 13727 13728 13865 13872 13879 13882 13889 13891 13897 13902 13906 13907 13908 13910 13911 13912 13915 13916 13917 13920 13926 13929 13932 13933 13934 13935 13939 13940 13943 13947 13953 13957 13958 13961 13964 13965 13969 13970 13974 13975 13977 13979 13980 13983 13986 13987 13988 13991 13997 13998 13999 14003 14004 14005 14006 14007 14008 14010 14011 14014 14016 14018 14019 14020 14021 14022 14023 14025 14028 14032 14033 14034 14035 14038 14040 14041 14042 14043 14044 14047 14048 14049 14051 14052 14053 14055 14056 14058 14061 14063 14067 14069 14070 14071 14072 14073 14074 14077 14078 14081 14082 14083 14084 14090 14091 14092 14093 14094 14095 14096 14097 14103 14104 14105 14106 14112 14113 14114 14117 14119 14121 14122 14123 14126 
	}
	weather={
	}
}
