
strategic_region={
	id=340
	name="STRATEGICREGION_340"
	provinces={
		2480 4025 4253 5272 5397 5469 5750 13346 15146 15147 15148 15149 15150 15151 15152 15153 15154 15155 15156 15157 15158 15159 15160 15161 15162 15163 15164 15165 15166 15167 15169 15170 15171 15172 15175 15178 15180 15181 15183 15184 15185 15186 15189 15190 15191 15192 15195 15196 15197 15199 15200 15202 15204 15206 15207 15210 15212 15213 15214 15215 15221 15223 15224 15226 15228 15230 15232 15234 15235 15236 15238 15242 15243 15244 15246 15250 15251 15254 15256 15257 15258 15259 15261 15262 15267 15268 15270 15271 15274 15275 15276 15277 15280 15282 15283 15284 15285 15286 15287 15289 15291 15297 15300 15304 15306 15307 15311 15318 19330 19331 19332 19333 19334 19335 19336 19337 19338 19339 19340 19342 19346 19348 19349 19350 19351 19353 
	}
	weather={
	}
}
