
strategic_region={
	id=342
	name="STRATEGICREGION_342"
	provinces={
		1515 1537 1667 1759 1861 2114 2116 2146 2155 2163 2205 2221 4334 4453 4478 4500 4658 4673 4763 4836 4864 5134 5161 7471 7496 7520 7533 7755 7798 7811 7859 8234 10388 10427 10455 10553 10581 10622 10637 10682 10941 10977 10991 11019 12377 12406 12435 12532 12560 12576 12934 12968 13171 13355 16816 16817 16823 16828 16832 16833 16834 16837 16838 16842 16844 16845 16846 16847 16848 16849 16853 16855 16856 16857 16858 16859 16860 16862 16863 16864 16865 16866 16867 16869 16870 16871 16873 16874 16875 16876 16877 16878 16879 16880 16881 16882 16883 16884 16885 16886 16887 16888 16889 16890 16891 16892 16893 16894 16895 16896 16897 16898 16899 16900 16901 16902 16905 16913 16928 16936 16947 16956 16967 16971 19572 19575 19576 19578 19579 19582 19584 19593 19595 19596 19603 19605 19608 19616 19618 19622 19629 19630 19639 19646 19648 19651 19766 19786 19793 20166 
	}
	weather={
	}
}
