
strategic_region={
	id=348
	name="STRATEGICREGION_348"
	provinces={
		8051 17501 17502 17522 17534 17537 17559 17560 17621 18235 18241 18248 18249 18264 18265 18269 18277 18280 18290 18296 18303 18308 18315 18324 18325 18328 18330 18331 18343 18348 18349 18352 18353 18354 18367 18368 18373 18378 18385 18386 18396 18397 18402 18405 18411 18412 18414 18415 18420 18422 18425 18428 18430 18436 18437 18442 18445 18447 18448 18449 18450 18451 18454 18459 18462 18464 18465 18471 18475 
	}
	weather={
	}
}
