
strategic_region={
	id=349
	name="STRATEGICREGION_349"
	provinces={
		17244 17269 17280 17289 17299 17308 17314 17316 17318 17320 17327 17328 17333 17338 17340 17343 17349 17350 17353 17356 17359 17362 17367 17368 17370 17372 17373 17376 17377 17388 17390 17392 17393 17395 17397 17398 17402 17404 17406 17413 17415 17416 17419 17420 17421 17422 17423 17425 17430 17431 17435 17437 17438 17439 17440 17443 17444 17447 17449 17450 17451 17452 17454 17456 17458 17460 17461 17462 17465 17466 17467 17470 17471 17472 17473 17474 17476 17477 17478 17481 17482 17483 17484 17489 17492 17496 17498 17499 17503 17504 17512 17513 17516 18271 
	}
	weather={
	}
}
