
strategic_region={
	id=350
	name="STRATEGICREGION_350"
	provinces={
		8619 17202 17206 17208 17209 17212 17213 17216 17219 17222 17223 17224 17226 17227 17228 17230 17231 17237 17238 17239 17241 17243 17245 17246 17249 17251 17257 17258 17259 17260 17261 17264 17267 17270 17271 17272 17275 17276 17278 17279 17281 17282 17284 17286 17288 17291 17293 17294 17295 17297 17298 17302 17303 17304 17306 17307 17309 17310 17311 17312 17313 17319 17321 17322 17323 17324 17325 17326 17330 17331 17332 17334 17335 17337 17339 17341 17344 17345 17346 17347 17354 17355 17357 17360 17361 17365 17366 17369 17371 17375 17378 17380 17382 17383 17384 17385 17389 17391 17396 17400 17405 17407 17408 17412 17414 17912 17919 17925 17927 17931 
	}
	weather={
	}
}
