
strategic_region={
	id=352
	name="STRATEGICREGION_352"
	provinces={
		1372 1407 16553 16554 16555 16557 16559 16561 16562 16563 16564 16565 16566 16567 16568 16569 16570 16571 16574 16575 16577 16581 16582 16584 16585 16587 16590 16591 16594 16598 16599 16600 16601 16603 16604 16605 16609 16610 16616 16619 16620 16622 16624 16627 16632 16637 16638 16641 16645 17000 17004 17006 17015 17021 17023 17028 17040 17041 17043 17046 17054 17055 17057 17061 17064 17067 17068 17072 17074 17075 17080 17081 17085 17090 17091 17093 17100 17111 
	}
	weather={
	}
}
