
strategic_region={
	id=364
	name="STRATEGICREGION_364"
	provinces={
		1419 1421 1713 1786 1801 2197 2211 4233 4273 4282 4301 4349 4427 4509 4543 4552 4593 13379 16148 16199 16207 16210 16217 16224 16225 16238 16251 16258 16260 16267 16273 16274 16278 16279 16280 16284 16286 16288 16289 16293 16295 16296 16298 16300 16302 16304 16307 16309 16312 16316 16319 16324 16325 16334 16337 16338 16341 16348 16350 16351 16361 16366 16367 16370 16371 16546 16548 16549 16550 16552 16556 16560 17885 
	}
	weather={
	}
}
