
strategic_region={
	id=365
	name="STRATEGICREGION_365"
	provinces={
		15901 15904 15905 15913 15914 15916 15921 15922 15924 15925 15926 15930 15931 15932 15933 15934 15935 15938 15944 15945 15948 15949 15950 15951 15952 15956 15957 15959 15962 15964 15965 15968 15971 15974 15975 15977 15978 15979 15982 15983 15985 15991 15992 15993 15994 15997 15998 15999 16002 16003 16004 16007 16014 16017 16021 16022 16023 16024 16025 16028 16029 16033 16034 16035 16038 16042 16044 16045 16049 16052 16053 16054 16056 16059 16066 16067 16070 16071 16074 16075 16080 16081 16082 16083 16088 16095 16098 16099 16101 16105 16106 16108 16109 16110 16113 16120 16121 16123 16127 16128 16129 16132 16134 16138 16139 16140 16143 16144 16146 16151 16156 16161 16162 16165 16166 16167 16174 16175 16183 16184 16185 16239 16243 16247 
	}
	weather={
	}
}
