2 3 488 11454 3584 
2 4 488 11561 11438 11546 
4 5 488 458 3373 159 200 
3 6 488 9419 11504 11161 9090 3159 
2 5 11161 6062 6252 6355 3335 
4 5 200 11334 9405 6300 3217 
3 4 119 196 6318 6300 
2 4 9332 9268 11221 3217 
4 6 3217 9250 11333 3501 9458 311 
2 6 3159 131 9042 3069 6079 3082 
3 4 458 6385 3359 9383 
3 7 85 9386 9265 226 64 11034 6015 
3 4 6015 3215 2995 22 
2 3 22 3040 6107 
2 3 6107 11130 3082 
2 3 11157 11050 6107 
2 6 11169 1634 9390 9566 3016 22 
3 5 9386 9353 207 3143 150 
2 4 9531 3491 13335 9463 
2 15 13335 13331 13325 13326 4170 13319 1056 1072 7513 7671 13328 9260 11234 9254 207 
3 6 11509 860 7583 10492 7612 1547 
3 5 11509 10909 1782 9740 12346 
4 7 11509 1485 3073 3149 3067 36 11045 
3 4 6081 11024 11079 195 
3 4 195 1338 6134 11045 
4 6 11045 9678 12328 1559 4522 4342 
3 5 4342 10717 12497 1527 6752 
3 4 1527 4285 4597 12501 
4 6 11690 11661 4360 11566 6794 3777 
4 6 722 11695 13154 3872 6468 3777 
4 5 11045 6128 11085 11181 722 
3 7 12501 1987 6974 6857 6183 11167 11690 
2 3 13164 12670 6974 
2 4 12305 10333 4757 12346 
2 4 4342 1564 12361 12305 
2 8 4117 10037 4194 12009 11694 9722 6765 3777 
