1 22 
1 69 
1 85 
1 119 
1 150 
1 179 
1 195 
1 200 
1 304 
1 311 
1 351 
1 488 
1 489 
1 585 
1 586 
1 624 
1 705 
1 715 
1 722 
1 748 
1 773 
1 782 
1 869 
1 874 
1 886 
1 907 
1 950 
1 963 
1 1373 
1 1547 
1 1614 
1 1643 
1 2064 
1 2082 
1 3044 
1 3159 
1 3162 
1 3217 
1 3305 
1 3335 
1 3431 
1 3584 
1 3602 
1 3645 
1 3663 
1 3698 
1 3777 
1 3887 
1 3915 
1 3920 
1 3921 
1 3937 
1 3983 
1 4080 
1 4342 
1 6015 
1 6023 
1 6081 
1 6165 
1 6208 
1 6280 
1 6355 
1 6412 
1 6598 
1 6752 
1 6812 
1 6846 
1 6925 
1 6950 
1 6996 
1 7077 
1 9150 
1 9164 
1 9208 
1 9236 
1 9332 
1 9351 
1 9406 
1 9446 
1 9463 
1 9470 
1 9477 
1 9485 
1 9531 
1 9677 
1 9693 
1 9741 
1 9806 
1 9867 
1 9876 
1 9887 
1 10359 
1 10754 
1 11037 
1 11045 
1 11100 
1 11109 
1 11157 
1 11161 
1 11169 
1 11399 
1 11427 
1 11509 
1 11511 
1 11546 
1 11555 
1 11567 
1 11581 
1 11627 
1 11672 
1 11686 
1 11690 
1 11710 
1 11754 
1 11875 
1 12070 
1 12305 
1 12346 
1 12501 
1 13011 
1 13145 
1 13164 
