2;2465.16;9.50;1458.25;big
2;2456.75;9.50;1410.62;big
2;2533.00;9.50;1487.00;small
3;2368.00;9.50;1414.00;big
3;2334.00;9.50;1409.00;big
4;1916.00;9.50;1241.00;big
4;2031.00;9.50;1183.00;big
4;1973.50;9.50;1219.07;small
5;2167.00;9.50;1251.00;big
5;2164.00;9.50;1181.00;big
6;2362.00;9.50;1176.00;big
6;2313.00;9.50;1141.00;big
7;2466.00;9.50;1266.00;big
7;2398.00;9.50;1214.00;big
7;2463.00;9.50;1218.00;big
8;2426.00;9.50;1335.00;big
8;2516.00;9.50;1306.00;big
9;2549.00;9.50;1554.00;big
9;2616.11;9.50;1602.30;big
10;2654.00;9.50;1704.00;big
10;2548.00;9.50;1700.00;big
10;2620.86;9.50;1740.68;big
11;2698.00;9.50;1897.00;big
11;2696.00;9.50;1788.00;big
12;2697.54;9.50;2032.48;big
12;2744.00;9.50;1983.00;big
12;2585.33;9.50;2035.90;big
12;2496.98;9.80;2038.42;big
13;2430.00;9.50;1116.00;big
13;2513.00;9.50;1123.00;big
14;2634.00;9.50;1264.00;big
14;2543.00;9.50;1262.00;big
14;2614.08;9.50;1217.58;big
14;2524.00;9.50;1189.00;big
15;1979.00;9.50;1458.00;big
15;1916.00;9.50;1426.00;big
16;1872.00;9.50;1340.00;big
16;1830.00;9.50;1349.00;big
17;2029.00;9.50;1454.00;small
19;1870.00;9.50;1525.00;small
19;1830.00;9.50;1572.00;small
20;1738.00;9.50;1588.00;big
20;1720.78;9.50;1491.13;big
21;1805.00;9.50;1442.00;big
21;1738.00;9.50;1387.00;big
22;2672.00;9.50;1401.00;big
22;2587.00;9.50;1415.00;big
23;1522.00;9.50;1684.00;big
23;1629.00;9.50;1582.00;big
23;1503.01;9.50;1573.20;big
23;1551.96;9.50;1615.52;big
23;1566.16;9.50;1536.18;big
24;1669.00;9.50;1857.00;big
24;1598.00;9.50;1785.00;big
25;1749.00;9.50;1956.00;big
25;1752.98;9.50;1897.40;big
26;1866.00;9.50;1984.00;big
26;1938.00;9.50;2040.00;big
28;1601.00;9.50;1382.00;big
28;1644.00;9.50;1458.00;big
29;2640.40;9.50;1506.18;big
29;2719.00;9.50;1523.00;big
32;2380.86;10.30;1261.62;big
32;2318.75;10.00;1272.24;big
32;2380.75;10.20;1310.09;big
33;2245.18;10.20;1287.05;big
33;2285.85;10.10;1218.29;big
33;2223.46;9.80;1220.03;big
34;2246.00;13.80;1337.00;small
34;2305.00;11.50;1339.00;small
35;2386.19;9.80;1369.15;small
35;2325.00;10.10;1381.00;small
36;2004.00;9.85;1332.00;small
36;2063.00;10.10;1326.00;small
37;2020.00;13.05;1256.00;big
37;1979.00;10.68;1284.00;big
38;1934.00;9.90;1297.00;big
38;1941.00;9.80;1348.00;big
39;2073.00;10.05;1260.00;big
39;2103.00;9.98;1286.00;big
40;2182.00;10.88;1319.00;small
40;2135.00;9.80;1292.00;small
41;2253.00;9.80;1468.00;big
41;2218.00;9.80;1472.00;big
42;2330.67;9.80;1442.44;small
42;2357.89;9.80;1444.39;small
43;2224.00;10.53;1362.00;small
43;2239.00;11.70;1391.00;small
44;2290.00;11.03;1479.00;small
44;2342.00;10.80;1472.00;small
45;2404.31;9.80;1472.92;big
45;2444.00;9.80;1489.00;big
46;2470.00;10.43;1529.00;big
46;2501.57;9.80;1571.91;big
46;2500.69;9.80;1542.48;big
48;2176.00;10.23;1370.00;small
48;2129.00;10.10;1350.00;small
49;2013.00;9.80;1401.00;small
49;1990.00;10.05;1375.00;small
50;2054.00;11.50;1427.00;small
50;2074.00;11.43;1451.00;small
51;2045.00;10.25;1495.00;small
51;2011.00;10.03;1512.00;big
52;1957.00;9.80;1555.00;big
52;1988.00;10.55;1534.00;big
53;1944.00;9.68;1602.00;big
53;1984.00;10.73;1606.00;small
54;2084.00;9.80;1396.00;small
54;2047.00;9.80;1387.00;small
55;2165.00;9.80;1467.00;small
55;2192.00;9.80;1440.00;small
56;2129.00;9.80;1450.00;small
56;2106.00;9.80;1433.00;small
57;2252.00;10.30;1421.00;small
57;2289.00;10.13;1416.00;small
58;2203.00;10.00;1402.00;small
58;2138.00;9.80;1393.00;small
59;2088.00;11.38;1494.00;small
59;2126.00;16.30;1498.00;small
60;2028.00;10.65;1572.00;big
60;2071.00;9.80;1550.00;big
61;2272.00;9.80;1529.00;big
61;2228.00;10.48;1530.00;big
62;2343.00;10.20;1520.00;big
62;2318.00;9.80;1516.00;big
63;2271.89;12.10;1595.52;big
63;2311.32;13.00;1602.06;big
64;2174.30;9.80;1513.85;big
64;2134.00;9.90;1538.00;big
64;2178.27;10.00;1556.67;big
64;2165.88;9.80;1533.20;small
70;2380.00;10.82;1706.00;big
70;2357.00;9.80;1664.00;big
71;2315.00;9.80;1650.00;big
71;2272.00;9.95;1661.00;big
73;2253.00;17.77;1721.00;big
73;2178.00;19.35;1740.00;big
74;2219.00;10.40;1672.00;big
74;2213.00;10.00;1625.00;big
75;2109.15;9.80;1592.86;big
75;2133.77;9.90;1630.64;big
75;2156.25;10.10;1602.30;big
76;2195.55;9.80;1591.58;big
76;2233.00;9.80;1578.00;big
77;2314.94;9.80;1550.91;big
77;2334.73;10.10;1567.72;big
78;2355.77;12.30;1495.57;small
78;2387.71;10.00;1500.08;small
80;2383.00;10.40;1575.00;big
80;2357.00;9.82;1578.00;big
81;2370.79;9.80;1540.97;small
81;2385.00;10.68;1533.00;small
83;2070.00;10.00;1642.00;big
83;2044.00;11.00;1612.00;big
84;2068.00;9.80;1701.00;big
84;2118.00;10.10;1709.00;big
85;2111.00;10.00;1676.00;big
85;2171.00;9.80;1677.00;big
86;2032.00;10.20;1674.00;big
86;1990.00;9.90;1658.00;big
87;1897.00;14.15;1666.00;big
87;1956.00;11.05;1673.00;big
88;1906.00;10.43;1626.00;big
88;1864.55;11.50;1616.35;big
89;1849.99;12.40;1653.50;big
89;1813.97;12.70;1679.27;small
89;1809.42;11.30;1649.74;small
90;1784.04;14.70;1577.99;big
90;1758.00;12.30;1544.00;big
91;1745.00;10.15;1637.00;big
91;1706.00;9.80;1630.00;big
92;1702.00;9.80;1583.00;big
92;1668.00;9.90;1604.00;big
93;1657.00;10.60;1643.00;big
93;1658.00;11.00;1682.00;big
96;1818.00;14.82;1755.00;small
96;1741.00;16.00;1725.00;small
96;1775.54;14.20;1743.07;big
97;1684.00;12.78;1724.00;big
97;1657.00;10.80;1787.00;big
97;1639.65;10.00;1740.12;big
98;1763.84;13.70;1812.26;big
98;1724.78;13.90;1786.46;big
99;1796.00;14.10;1851.00;small
99;1818.78;14.30;1818.38;small
100;1902.76;10.00;1835.98;big
100;1918.63;10.30;1893.15;big
100;1857.06;10.20;1866.52;big
101;1832.46;10.10;1900.16;big
101;1863.46;10.20;1938.08;big
102;2242.00;11.50;1768.00;big
102;2194.00;10.78;1767.00;big
103;2296.00;10.80;1787.00;big
103;2333.00;9.80;1811.00;big
104;2401.03;9.80;1795.36;big
104;2457.00;9.80;1790.00;big
105;2485.00;15.13;1744.00;big
105;2557.00;16.38;1797.00;big
107;2564.00;13.03;1956.00;big
107;2636.00;11.50;1879.00;big
108;2451.00;15.45;1999.00;small
108;2322.00;15.55;1976.00;small
108;2315.68;11.60;2025.67;small
108;2382.39;16.70;2013.74;small
108;2370.66;14.20;1968.49;small
109;2292.65;14.00;1923.89;big
109;2140.00;11.15;1996.00;big
109;2225.88;10.90;1912.48;big
109;2161.70;11.80;1955.54;big
110;2041.00;12.00;1909.00;big
110;2086.00;9.50;1956.00;big
111;2039.00;16.43;2011.00;big
111;1939.30;11.10;1963.95;big
111;1988.45;13.80;1988.28;big
112;1973.76;9.80;1752.56;big
112;1908.00;9.90;1744.00;big
112;1941.61;9.80;1784.41;big
113;2032.00;9.80;1729.00;big
113;1979.00;9.80;1708.00;big
114;2159.00;15.60;1806.00;small
114;2113.00;14.93;1875.00;small
114;2174.44;15.70;1868.28;small
115;2408.00;10.65;1871.00;big
115;2348.00;10.05;1863.00;big
116;2299.00;16.02;1866.00;big
116;2240.00;14.10;1841.00;big
117;2460.87;9.90;1849.75;big
117;2528.64;11.50;1864.19;big
118;2395.00;12.73;1911.00;big
118;2486.00;10.88;1937.00;big
119;2650.00;10.00;1818.00;big
119;2609.00;12.82;1823.00;big
120;1962.00;9.80;1823.00;big
120;1972.00;9.80;1863.00;big
121;2084.00;11.25;1769.00;big
121;2028.69;12.00;1824.34;big
121;2080.70;11.80;1815.99;small
122;1868.00;13.20;1715.00;big
122;1933.00;10.98;1699.00;big
123;1855.00;10.45;1804.00;big
123;1888.00;9.80;1783.00;big
124;2736.00;9.50;1403.00;big
124;2776.00;9.50;1439.00;big
124;2823.00;9.50;1354.00;big
124;2743.00;9.50;1488.00;big
126;2696.00;9.50;1688.00;big
126;2825.00;9.50;1731.00;big
127;1786.00;9.50;1231.00;big
127;1619.00;9.50;1273.00;big
129;1762.00;9.50;1117.00;big
129;1852.38;9.50;1095.74;big
129;1971.01;9.50;1102.37;big
130;2292.64;9.50;1059.70;big
130;2092.00;9.50;1092.00;big
130;2173.15;9.50;1084.28;big
132;2705.00;9.50;1275.00;big
132;2814.00;9.50;1304.00;big
132;2736.00;9.50;1189.00;big
132;2796.00;9.50;1263.00;big
140;4782.00;9.50;1060.00;big
140;974.00;9.50;687.00;big
151;2836.16;9.50;1474.26;big
151;2908.00;9.50;1458.00;big
151;2869.92;9.50;1432.31;big
152;2949.00;10.88;1447.00;big
152;2976.00;10.30;1441.00;big
153;2874.75;11.00;1373.15;small
154;2969.53;10.30;1496.10;big
154;2902.00;10.10;1521.00;big
154;2941.99;11.10;1530.93;big
155;2985.45;10.00;1628.87;big
155;2920.71;10.50;1563.07;big
155;2908.27;10.40;1616.50;big
155;2966.97;10.00;1591.56;big
165;3031.85;10.00;1511.62;big
166;2998.00;11.05;1564.00;small
166;3050.00;10.30;1568.00;small
167;3095.43;9.80;1310.93;small
167;3096.17;9.80;1377.33;big
167;3052.74;9.80;1345.00;small
168;3149.00;9.80;1329.00;big
168;3187.00;10.55;1364.00;big
169;2972.00;9.80;1362.00;big
169;3009.00;9.80;1376.00;big
170;3058.00;9.80;1408.00;big
170;3039.00;9.80;1443.00;big
171;3105.50;10.00;1442.80;big
171;3155.14;10.20;1471.14;big
171;3105.05;10.20;1484.22;big
172;3102.00;10.07;1523.00;big
172;3098.00;9.80;1569.00;big
177;3440.00;9.98;1348.00;big
177;3385.00;10.03;1328.00;big
178;3293.00;11.82;1312.00;big
178;3331.00;10.75;1294.00;big
179;3255.00;10.50;1345.00;big
179;3264.00;13.25;1402.00;big
210;3049.00;9.50;1273.00;big
210;3123.00;9.50;1231.00;big
211;3184.00;9.50;1261.00;big
211;3227.00;9.50;1209.00;big
212;3255.00;9.50;1278.00;big
212;3198.00;9.68;1323.00;big
213;3412.00;9.80;1251.00;big
213;3312.00;9.50;1234.00;big
214;3395.00;9.50;1286.00;big
214;3364.00;9.80;1382.00;big
217;3139.00;10.50;1509.00;small
217;3169.00;11.68;1498.00;small
217;3169.00;9.50;1521.00;big
218;2939.00;9.50;1335.00;big
218;2868.00;9.50;1320.00;big
219;2962.00;9.50;1194.00;big
219;2901.00;9.50;1230.00;big
222;3516.00;12.53;1349.00;big
222;3460.00;9.80;1399.00;big
223;3564.00;9.80;1241.00;big
223;3471.00;9.80;1287.00;big
224;3450.00;9.80;1218.00;big
224;3414.00;9.50;1204.00;big
