
state={
	id=1044
	name="STATE_1044"

	history={
		owner = CZR
		add_core_of = CZR
		add_claim_by = MAZ

	}

	provinces={
		1773 2130 2219 4776 4791 5183 5211 5225 7567 8186 8249 8538 8812 10925 10927 12910 12918 12924 12932 13169 13170 19635 19638 19644 19653 19667 19676 19678 19679 19681 19682 19684 19685 19686 19704 19706 19709 19715 19717 19721 19733 19735 19739 19744 19749 19757 19764 19767 19770 19776 19781 19782 19785 19792 19795 19797 19805 19811 19815 19823 19828 19839 19840 19842 19852 19861 20153 20155 20164 20165 
	}
	manpower=3210
	buildings_max_level_factor=1.000
	state_category=wasteland
	impassable = yes
}
