
state={
	id=1046
	name="STATE_1046"
	resources={
		oil=4.000
	}

	history={
		owner = GAR
		add_core_of = GAR

	}

	provinces={
		1537 1667 1759 1861 2114 2116 2146 2155 2163 2205 2221 4453 4478 4500 4658 4673 4763 4836 4864 5134 5161 7471 7496 7520 7533 7755 7798 7811 7859 8234 10388 10427 10455 10553 10581 10622 10637 10682 10941 10977 10991 11019 12377 12406 12435 12532 12560 12576 12934 12968 13171 16882 16885 16894 16897 16901 16905 16913 16928 16936 16947 16956 16967 16971 19646 19648 19651 19766 19786 19793 20166 
	}
	manpower=25000
	buildings_max_level_factor=1.000
	state_category=wasteland
	impassable=yes
}
