state={
	id=354
	name="STATE_353"
	provinces={
		3
8
18
40
72
75
84
105
106
155
157
164
174
183
208
312
313
556
652
664
675
681
725
753
792
814
828
836
846
881
892
900
952
972
992
1006
1015
1018
1036
1047
1052
1061
1068
1074
1080
1084
1087
1107
1124
1131
1137
1144
1150
1154
1162
1166
1179
1184
1187
1190
1199
1202
1239
1243
1272
1276
1279
1281
1291
1292
1296
1308
1309
1312
1317
1327
1330
1331
1333
1337
1343
1360
1366
1375
1382
1385
1387
1390
1391
1394
1402
1403
1412
1417
1418
1463
1468
1489
1507
1521
1532
1543
1544
1580
1590
1597
1600
1603
1612
1628
1636
1640
1650
1668
1676
1680
1694
1697
1714
1724
1725
1728
1733
1739
1744
1745
1749
1750
1772
1776
1777
1778
1787
1790
1792
1794
1795
1797
1800
1803
1807
1813
1822
1834
1837
1841
1842
1847
1852
1853
1860
1878
1896
1908
1920
1923
1938
1947
1949
1957
1971
1973
1976
1980
1991
2000
2004
2006
2014
2018
2022
2029
2032
2036
2048
2054
2059
2086
2092
2093
2097
2099
2103
2105
2123
2207
2229
2775
2923
2998
3033
3077
3086
3087
3091
3116
3130
3157
3164
3169
3175
3190
3220
3304
3332
3360
3472
3664
3695
3723
3783
3795
3830
3900
3955
3963
3996
4003
4009
4017
4023
4032
4037
4045
4050
4071
4072
4073
4076
4083
4089
4090
4092
4106
4110
4115
4137
4140
4143
4145
4152
4157
4161
4165
4181
4183
4189
4196
4202
4207
4227
4238
4242
4246
4256
4275
4278
4290
4291
4293
4309
4310
4312
4336
4339
4348
4353
4366
4371
4382
4389
4391
4392
4395
4397
4412
4440
4486
4492
4495
4499
4519
4542
4547
4574
4578
4583
4584
4591
4595
4618
4619
4626
4631
4636
4638
4651
4654
4660
4670
4680
4690
4692
4696
4697
4700
4703
4710
4711
4719
4724
4725
4726
4731
4734
4737
4745
4746
4754
4755
4764
4768
4773
4774
4779
4780
4782
4783
4786
4792
4795
4798
4803
4805
4806
4808
4809
4812
4813
4822
4824
4825
4828
4829
4831
4841
4842
4844
4847
4850
4852
4853
4856
4858
4867
4868
4879
4881
4882
4888
4900
4915
4932
4939
4951
4953
4958
4959
4971
4976
4979
4990
4993
4994
5006
5014
5019
5024
5029
5033
5042
5043
5049
5062
5063
5074
5076
5081
5092
5093
5096
5157
5212
6034
6051
6075
6085
6091
6094
6097
6101
6102
6135
6153
6166
6167
6182
6189
6211
6215
6247
6328
6342
6353
6382
6409
6538
6642
6669
6715
6851
6904
6918
6932
6937
6969
6988
6997
7000
7001
7004
7011
7019
7020
7044
7049
7055
7060
7075
7080
7084
7089
7091
7097
7101
7108
7117
7119
7126
7131
7135
7141
7150
7152
7158
7164
7167
7170
7176
7182
7188
7189
7199
7207
7210
7232
7236
7243
7249
7250
7254
7266
7270
7273
7279
7285
7298
7310
7316
7317
7326
7329
7332
7335
7337
7350
7354
7356
7357
7383
7392
7405
7407
7434
7441
7486
7501
7507
7508
7545
7556
7568
7569
7576
7580
7587
7597
7600
7604
7616
7625
7637
7653
7657
7674
7680
7687
7697
7703
7707
7708
7711
7713
7717
7726
7731
7741
7743
7744
7746
7765
7770
7772
7778
7784
7795
7796
7802
7803
7805
7806
7815
7825
7828
7832
7841
7846
7864
7868
7871
7873
7874
7876
7881
7895
7903
7905
7917
7940
7960
7975
7982
7994
7997
7998
8001
8002
8005
8007
8020
8029
8030
8049
8060
8066
8073
8076
8087
8100
8102
8104
8106
8108
8117
8118
8121
8131
8136
8178
9078
9084
9110
9113
9130
9131
9159
9187
9199
9202
9207
9224
9231
9248
9292
9352
9409
9512
9641
9659
9702
9733
9768
9776
9843
9854
9858
9873
9885
9905
9934
9938
9942
9947
9957
9959
9961
9963
9970
9971
9975
9978
9984
9999
10002
10003
10004
10005
10016
10019
10031
10043
10050
10054
10057
10066
10068
10072
10073
10080
10084
10089
10093
10102
10114
10119
10121
10126
10129
10139
10146
10154
10156
10158
10161
10164
10170
10179
10182
10187
10189
10193
10202
10210
10211
10215
10217
10218
10220
10223
10235
10257
10259
10267
10268
10275
10283
10290
10292
10295
10296
10297
10326
10331
10353
10366
10397
10399
10403
10420
10452
10462
10472
10476
10480
10490
10496
10497
10501
10506
10508
10517
10521
10525
10531
10537
10542
10543
10546
10554
10555
10557
10560
10562
10566
10567
10568
10570
10571
10572
10577
10584
10589
10590
10598
10600
10603
10607
10610
10623
10627
10629
10630
10632
10634
10638
10639
10641
10646
10649
10652
10653
10654
10655
10667
10689
10696
10699
10704
10712
10720
10729
10733
10735
10752
10756
10760
10770
10772
10786
10791
10796
10802
10807
10817
10825
10834
10840
10843
10847
10856
10870
10872
10876
10881
10887
10898
10899
10904
10918
10957
10963
10978
11039
11046
11071
11074
11086
11092
11095
11146
11156
11166
11177
11189
11240
11328
11335
11364
11393
11410
11448
11624
11626
11719
11739
11761
11771
11801
11880
11909
11919
11922
11926
11936
11938
11941
11944
11950
11952
11955
11961
11962
11964
11970
11976
11979
11981
11986
11995
12004
12005
12012
12014
12015
12030
12037
12046
12069
12074
12075
12077
12084
12086
12089
12090
12095
12102
12105
12106
12121
12122
12125
12127
12131
12136
12139
12142
12144
12152
12156
12177
12189
12192
12194
12197
12201
12226
12230
12256
12261
12263
12266
12267
12286
12292
12295
12299
12317
12318
12329
12340
12350
12372
12376
12380
12385
12397
12403
12408
12449
12467
12471
12476
12483
12495
12500
12515
12519
12521
12523
12526
12528
12531
12537
12538
12539
12541
12546
12559
12563
12569
12575
12580
12581
12591
12594
12596
12605
12606
12610
12611
12613
12614
12616
12619
12621
12623
12625
12635
12640
12641
12647
12648
12649
12650
12652
12654
12657
12658
12662
12668
12669
12675
12679
12681
12686
12690
12691
12696
12700
12713
12718
12727
12740
12768
12779
12781
12792
12807
12821
12832
12839
12844
12868
12870
12879
12880
12884
12894
12921
12958
12963
13059
13065
13079
13120
13121
13128
13129
13130
13143
13147
13148
13149
13151
13198
13218
13220
13221
13222
13223
13224
13225
13226
13227
13228
13229
13230
13231
13232
13233
13234
13235
13236
13237
13238
	}
	manpower=3000
	state_category = wasteland
	buildings_max_level_factor=1.000
}
